0 12.9198 15.6078
1 12.9198 14.8903
2 11.1852 14.0658
3 11.1852 13.3335
4 10.5338 12.7478
5 10.5338 11.9523
6 10.1616 11.2312
7 9.80404 10.7422
8 9.70619 10.4302
9 9.55821 10.1516
10 9.43472 9.91665
11 9.13294 9.70029
12 9.11163 9.53054
13 9.09013 9.37295
14 9.09013 9.24859
15 8.96045 9.14805
16 8.66807 9.09112
17 8.09821 9.02946
18 8.09821 8.89414
19 8.09297 8.61514
20 8.09297 8.36204
21 8.09297 8.20756
22 8.05852 8.1098
23 7.98867 8.09064
24 7.94069 8.07824
25 7.65205 8.04382
26 7.65205 7.96216
27 7.64393 7.83331
28 7.58035 7.71785
29 7.58035 7.65325
30 7.53254 7.62892
31 7.50863 7.60294
32 7.46082 7.56769
33 7.46082 7.5369
34 7.42775 7.50239
35 7.32437 7.4778
36 7.27357 7.44307
37 7.02445 7.4103
38 7.01988 7.37591
39 7.01833 7.29328
40 6.98721 7.18116
41 6.98721 7.08348
42 6.97609 7.04247
43 6.8934 7.0069
44 6.8934 6.99318
45 6.86546 6.97532
46 6.86546 6.95797
47 6.84217 6.92736
48 6.84217 6.87725
49 6.83104 6.85781
50 6.83104 6.84895
51 6.83104 6.83883
52 6.80593 6.83526
53 6.80593 6.82897
54 6.80593 6.81967
55 6.80593 6.80968
56 6.80593 6.80593
57 6.80593 6.80593
58 6.80593 6.80593
59 6.80174 6.80592
60 6.80174 6.80565
61 6.80174 6.80468
62 6.75964 6.80266
63 6.67717 6.79737
64 6.67717 6.77612
65 6.67717 6.74343
66 6.67717 6.69877
67 6.67717 6.67717
68 6.67717 6.67717
69 6.67717 6.67717
70 6.67717 6.67717
71 6.65501 6.67708
72 6.65501 6.67549
73 6.65501 6.67088
74 6.64953 6.66495
75 6.64953 6.65967
76 6.62737 6.65545
77 6.49472 6.64953
78 6.49048 6.62873
79 6.46708 6.58663
80 6.46284 6.52247
81 6.46284 6.47936
82 6.46284 6.46908
83 6.46284 6.46339
84 6.46284 6.46284
85 6.31882 6.46222
86 6.31882 6.45656
87 6.31882 6.4288
88 6.31882 6.38452
89 6.30878 6.33834
90 6.30878 6.31809
91 6.0083 6.30838
92 5.97619 6.2514
93 5.93595 6.14154
94 5.93595 5.99968
95 5.79998 5.96769
96 5.73813 5.93443
97 5.73813 5.90099
98 5.73813 5.83875
99 5.73813 5.76957
100 5.73813 5.74468
101 5.73813 5.73813
102 5.73813 5.73813
103 5.73813 5.73813
104 5.73813 5.73813
105 5.73813 5.73813
106 5.73813 5.73813
107 5.73813 5.73813
108 5.73813 5.73813
109 5.73813 5.73813
110 5.73813 5.73813
111 5.73813 5.73813
112 5.73813 5.73813
113 5.73813 5.73813
114 5.73813 5.73813
115 5.73813 5.73813
116 5.73813 5.73813
117 5.73813 5.73813
118 5.73813 5.73813
119 5.73813 5.73813
120 5.73813 5.73813
121 5.73813 5.73813
122 5.73813 5.73813
123 5.73813 5.73813
124 5.73813 5.73813
125 5.73813 5.73813
126 5.73813 5.73813
127 5.73813 5.73813
128 5.73813 5.73813
129 5.73813 5.73813
130 5.73813 5.73813
131 5.73813 5.73813
132 5.73813 5.73813
133 5.73813 5.73813
134 5.73813 5.73813
135 5.73813 5.73813
136 5.73813 5.73813
137 5.73813 5.73813
138 5.73813 5.73813
139 5.73813 5.73813
140 5.73813 5.73813
141 5.73813 5.73813
142 5.73813 5.73813
143 5.73813 5.73813
144 5.73813 5.73813
145 5.73813 5.73813
146 5.73813 5.73813
147 5.73813 5.73813
148 5.73813 5.73813
149 5.73813 5.73813
150 5.73813 5.73813
151 5.73813 5.73813
152 5.73813 5.73813
153 5.73813 5.73813
154 5.73813 5.73813
155 5.73813 5.73813
156 5.64033 5.73774
157 5.64033 5.72953
158 5.64033 5.70019
159 5.56758 5.65165
160 5.56758 5.63102
161 5.56758 5.60279
162 5.56758 5.57427
163 5.56758 5.56758
164 5.56758 5.56758
165 5.56758 5.56758
166 5.56758 5.56758
167 5.56758 5.56758
168 5.56758 5.56758
169 5.56758 5.56758
170 5.56758 5.56758
171 5.56758 5.56758
172 5.56758 5.56758
173 5.56758 5.56758
174 5.56758 5.56758
175 5.56758 5.56758
176 5.56758 5.56758
177 5.56758 5.56758
178 5.56758 5.56758
179 5.56758 5.56758
180 5.56758 5.56758
181 5.56758 5.56758
182 5.56758 5.56758
183 5.56758 5.56758
184 5.56758 5.56758
185 5.56758 5.56758
186 5.56758 5.56758
187 5.56758 5.56758
188 5.56758 5.56758
189 5.56758 5.56758
190 5.56758 5.56758
191 5.56758 5.56758
192 5.56758 5.56758
193 5.56758 5.56758
194 5.56758 5.56758
195 5.56758 5.56758
196 5.56758 5.56758
197 5.56758 5.56758
198 5.56758 5.56758
199 5.56758 5.56758
200 5.56758 5.56758
201 5.56758 5.56758
202 5.56758 5.56758
203 5.56758 5.56758
204 5.56758 5.56758
205 5.56758 5.56758
206 5.56758 5.56758
207 5.56758 5.56758
208 5.56758 5.56758
209 5.56758 5.56758
210 5.56758 5.56758
211 5.56758 5.56758
212 5.56758 5.56758
213 5.56758 5.56758
214 5.56758 5.56758
215 5.56758 5.56758
216 5.56758 5.56758
217 5.56758 5.56758
218 5.56758 5.56758
219 5.56758 5.56758
220 5.56758 5.56758
221 5.56758 5.56758
222 5.56758 5.56758
223 5.56758 5.56758
224 5.56758 5.56758
225 5.56758 5.56758
226 5.56758 5.56758
227 5.56758 5.56758
228 5.56758 5.56758
229 5.56758 5.56758
230 5.56758 5.56758
231 5.56758 5.56758
232 5.56758 5.56758
233 5.56758 5.56758
234 5.56758 5.56758
235 5.56758 5.56758
236 5.56758 5.56758
237 5.56758 5.56758
238 5.56758 5.56758
239 5.56758 5.56758
240 5.56758 5.56758
241 5.56758 5.56758
242 5.56758 5.56758
243 5.56758 5.56758
244 5.56758 5.56758
245 5.56758 5.56758
246 5.56758 5.56758
247 5.56758 5.56758
248 5.56758 5.56758
249 5.56758 5.56758
250 5.56758 5.56758
251 5.56758 5.56758
252 5.56758 5.56758
253 5.56758 5.56758
254 5.56758 5.56758
255 5.56758 5.56758
256 5.56758 5.56758
257 5.56758 5.56758
258 5.56758 5.56758
259 5.56758 5.56758
260 5.56758 5.56758
261 5.56758 5.56758
262 5.56758 5.56758
263 5.56758 5.56758
264 5.56758 5.56758
265 5.56758 5.56758
266 5.56758 5.56758
267 5.56758 5.56758
268 5.56758 5.56758
269 5.56758 5.56758
270 5.56758 5.56758
271 5.56758 5.56758
272 5.56758 5.56758
273 5.56758 5.56758
274 5.56758 5.56758
275 5.56758 5.56758
276 5.56758 5.56758
277 5.56758 5.56758
278 5.56758 5.56758
279 5.56758 5.56758
280 5.56758 5.56758
281 5.56758 5.56758
282 5.56758 5.56758
283 5.56758 5.56758
284 5.56758 5.56758
285 5.56758 5.56758
286 5.56758 5.56758
287 5.56758 5.56758
288 5.56758 5.56758
289 5.56758 5.56758
290 5.56758 5.56758
291 5.56758 5.56758
292 5.56758 5.56758
293 5.56758 5.56758
294 5.56758 5.56758
295 5.56758 5.56758
296 5.56758 5.56758
297 5.56758 5.56758
298 5.56758 5.56758
299 5.56758 5.56758
300 5.56758 5.56758
301 5.56758 5.56758
302 5.56758 5.56758
303 5.56758 5.56758
304 5.56758 5.56758
305 5.56758 5.56758
306 5.56758 5.56758
307 5.56758 5.56758
308 5.56758 5.56758
309 5.56758 5.56758
310 5.56758 5.56758
311 5.56758 5.56758
312 5.56758 5.56758
313 5.56758 5.56758
314 5.56758 5.56758
315 5.56758 5.56758
316 5.56758 5.56758
317 5.56758 5.56758
318 5.56758 5.56758
319 5.56758 5.56758
320 5.56758 5.56758
321 5.56758 5.56758
322 5.56758 5.56758
323 5.56758 5.56758
324 5.56758 5.56758
325 5.56758 5.56758
326 5.56758 5.56758
327 5.56758 5.56758
328 5.56758 5.56758
329 5.56758 5.56758
330 5.56758 5.56758
331 5.56758 5.56758
332 5.56758 5.56758
333 5.56758 5.56758
334 5.56758 5.56758
335 5.56758 5.56758
336 5.56758 5.56758
337 5.56758 5.56758
338 5.56758 5.56758
339 5.56758 5.56758
340 5.56758 5.56758
341 5.56758 5.56758
342 5.56758 5.56758
343 5.56758 5.56758
344 5.56758 5.56758
345 5.56758 5.56758
346 5.56758 5.56758
347 5.56758 5.56758
348 5.56758 5.56758
349 5.56758 5.56758
350 5.56758 5.56758
351 5.56758 5.56758
352 5.56758 5.56758
353 5.56758 5.56758
354 5.56758 5.56758
355 5.56758 5.56758
356 5.56758 5.56758
357 5.56758 5.56758
358 5.56758 5.56758
359 5.56758 5.56758
360 5.56758 5.56758
361 5.56758 5.56758
362 5.56758 5.56758
363 5.56758 5.56758
364 5.56758 5.56758
365 5.56758 5.56758
366 5.56758 5.56758
367 5.56758 5.56758
368 5.56758 5.56758
369 5.56758 5.56758
370 5.56758 5.56758
371 5.56758 5.56758
372 5.56758 5.56758
373 5.56758 5.56758
374 5.56758 5.56758
375 5.56758 5.56758
376 5.56758 5.56758
377 5.56758 5.56758
378 5.56758 5.56758
379 5.56758 5.56758
380 5.56758 5.56758
381 5.56758 5.56758
382 5.56758 5.56758
383 5.56758 5.56758
384 5.56758 5.56758
385 5.56758 5.56758
386 5.56758 5.56758
387 5.56758 5.56758
388 5.56758 5.56758
389 5.56758 5.56758
390 5.56758 5.56758
391 5.56758 5.56758
392 5.56758 5.56758
393 5.56758 5.56758
394 5.56758 5.56758
395 5.56758 5.56758
396 5.56758 5.56758
397 5.56758 5.56758
398 5.56758 5.56758
399 5.56758 5.56758
400 5.56758 5.56758
401 5.56758 5.56758
402 5.56758 5.56758
403 5.56758 5.56758
404 5.56758 5.56758
405 5.56758 5.56758
406 5.56758 5.56758
407 5.56758 5.56758
408 5.56758 5.56758
409 5.56758 5.56758
410 5.56758 5.56758
411 5.56758 5.56758
412 5.56758 5.56758
413 5.56758 5.56758
414 5.56758 5.56758
415 5.56758 5.56758
416 5.56758 5.56758
417 5.56758 5.56758
418 5.56758 5.56758
419 5.56758 5.56758
420 5.56758 5.56758
421 5.56758 5.56758
422 5.56758 5.56758
423 5.56758 5.56758
424 5.56758 5.56758
425 5.56758 5.56758
426 5.56758 5.56758
427 5.56758 5.56758
428 5.56758 5.56758
429 5.56758 5.56758
430 5.56758 5.56758
431 5.56758 5.56758
432 5.56758 5.56758
433 5.56758 5.56758
434 5.56758 5.56758
435 5.56758 5.56758
436 5.56758 5.56758
437 5.56758 5.56758
438 5.56758 5.56758
439 5.56758 5.56758
440 5.56758 5.56758
441 5.56758 5.56758
442 5.56758 5.56758
443 5.56758 5.56758
444 5.56758 5.56758
445 5.56758 5.56758
446 5.56758 5.56758
447 5.56758 5.56758
448 5.56758 5.56758
449 5.56758 5.56758
450 5.56758 5.56758
451 5.56758 5.56758
452 5.56758 5.56758
453 5.56758 5.56758
454 5.56758 5.56758
455 5.56758 5.56758
456 5.56758 5.56758
457 5.56758 5.56758
458 5.56758 5.56758
459 5.56758 5.56758
460 5.56758 5.56758
461 5.56758 5.56758
462 5.56758 5.56758
463 5.56758 5.56758
464 5.56758 5.56758
465 5.56758 5.56758
466 5.56758 5.56758
467 5.56758 5.56758
468 5.56758 5.56758
469 5.56758 5.56758
470 5.56758 5.56758
471 5.56758 5.56758
472 5.56758 5.56758
473 5.56758 5.56758
474 5.56758 5.56758
475 5.56758 5.56758
476 5.56758 5.56758
477 5.56758 5.56758
478 5.56758 5.56758
479 5.56758 5.56758
480 5.56758 5.56758
481 5.56758 5.56758
482 5.56758 5.56758
483 5.56758 5.56758
484 5.56758 5.56758
485 5.56758 5.56758
486 5.56758 5.56758
487 5.56758 5.56758
488 5.56758 5.56758
489 5.56758 5.56758
490 5.56758 5.56758
491 5.56758 5.56758
492 5.56758 5.56758
493 5.56758 5.56758
494 5.56758 5.56758
495 5.56758 5.56758
496 5.56758 5.56758
497 5.56758 5.56758
498 5.56758 5.56758
499 5.56758 5.56758
500 5.56758 5.56758
501 5.56758 5.56758
502 5.56758 5.56758
503 5.56758 5.56758
504 5.56758 5.56758
505 5.56758 5.56758
506 5.56758 5.56758
507 5.56758 5.56758
508 5.56758 5.56758
509 5.56758 5.56758
510 5.56758 5.56758
511 5.56758 5.56758
512 5.56758 5.56758
513 5.56758 5.56758
514 5.56758 5.56758
515 5.56758 5.56758
516 5.56758 5.56758
517 5.56758 5.56758
518 5.56758 5.56758
519 5.56758 5.56758
520 5.56758 5.56758
521 5.56758 5.56758
522 5.56758 5.56758
523 5.56758 5.56758
524 5.56758 5.56758
525 5.56758 5.56758
526 5.56758 5.56758
527 5.56758 5.56758
528 5.56758 5.56758
529 5.56758 5.56758
530 5.56758 5.56758
531 5.56758 5.56758
532 5.56758 5.56758
533 5.56758 5.56758
534 5.56758 5.56758
535 5.56758 5.56758
536 5.56758 5.56758
537 5.56758 5.56758
538 5.56758 5.56758
539 5.56758 5.56758
540 5.56758 5.56758
541 5.56758 5.56758
542 5.56758 5.56758
543 5.56758 5.56758
544 5.56758 5.56758
545 5.56758 5.56758
546 5.56758 5.56758
547 5.56758 5.56758
548 5.56758 5.56758
549 5.56758 5.56758
550 5.56758 5.56758
551 5.56758 5.56758
552 5.56758 5.56758
553 5.56758 5.56758
554 5.56758 5.56758
555 5.56758 5.56758
556 5.56758 5.56758
557 5.56758 5.56758
558 5.56758 5.56758
559 5.56758 5.56758
560 5.56758 5.56758
561 5.56758 5.56758
562 5.56758 5.56758
563 5.56758 5.56758
564 5.56758 5.56758
565 5.56758 5.56758
566 5.56758 5.56758
567 5.56758 5.56758
568 5.56758 5.56758
569 5.56758 5.56758
570 5.56758 5.56758
571 5.56758 5.56758
572 5.56758 5.56758
573 5.56758 5.56758
574 5.56758 5.56758
575 5.56758 5.56758
576 5.56758 5.56758
577 5.56758 5.56758
578 5.56758 5.56758
579 5.56758 5.56758
580 5.56758 5.56758
581 5.56758 5.56758
582 5.56758 5.56758
583 5.56758 5.56758
584 5.56758 5.56758
585 5.56758 5.56758
586 5.56758 5.56758
587 5.56758 5.56758
588 5.56758 5.56758
589 5.56758 5.56758
590 5.56758 5.56758
591 5.56758 5.56758
592 5.56758 5.56758
593 5.56758 5.56758
594 5.56758 5.56758
595 5.56758 5.56758
596 5.56758 5.56758
597 5.56758 5.56758
598 5.56758 5.56758
599 5.56758 5.56758
600 5.56758 5.56758
601 5.56758 5.56758
602 5.56758 5.56758
603 5.56758 5.56758
604 5.56758 5.56758
605 5.56758 5.56758
606 5.56758 5.56758
607 5.56758 5.56758
608 5.56758 5.56758
609 5.56758 5.56758
610 5.56758 5.56758
611 5.56758 5.56758
612 5.56758 5.56758
613 5.56758 5.56758
614 5.56758 5.56758
615 5.56758 5.56758
616 5.56758 5.56758
617 5.56758 5.56758
618 5.56758 5.56758
619 5.56758 5.56758
620 5.56758 5.56758
621 5.56758 5.56758
622 5.56758 5.56758
623 5.56758 5.56758
624 5.56758 5.56758
625 5.56758 5.56758
626 5.56758 5.56758
627 5.56758 5.56758
628 5.56758 5.56758
629 5.56758 5.56758
630 5.56758 5.56758
631 5.56758 5.56758
632 5.56758 5.56758
633 5.56758 5.56758
634 5.56758 5.56758
635 5.56758 5.56758
636 5.56758 5.56758
637 5.56758 5.56758
638 5.56758 5.56758
639 5.56758 5.56758
640 5.56758 5.56758
641 5.56758 5.56758
642 5.56758 5.56758
643 5.56758 5.56758
644 5.56758 5.56758
645 5.56758 5.56758
646 5.56758 5.56758
647 5.56758 5.56758
648 5.56758 5.56758
649 5.56758 5.56758
650 5.56758 5.56758
651 5.56758 5.56758
652 5.56758 5.56758
653 5.56758 5.56758
654 5.56758 5.56758
655 5.56758 5.56758
656 5.56758 5.56758
657 5.56758 5.56758
658 5.56758 5.56758
659 5.56758 5.56758
660 5.56758 5.56758
661 5.56758 5.56758
662 5.56758 5.56758
663 5.56758 5.56758
664 5.56758 5.56758
665 5.56758 5.56758
666 5.56758 5.56758
667 5.56758 5.56758
668 5.56758 5.56758
669 5.56758 5.56758
670 5.56758 5.56758
671 5.56758 5.56758
672 5.56758 5.56758
673 5.56758 5.56758
674 5.56758 5.56758
675 5.56758 5.56758
676 5.56758 5.56758
677 5.56758 5.56758
678 5.56758 5.56758
679 5.56758 5.56758
680 5.56758 5.56758
681 5.56758 5.56758
682 5.56758 5.56758
683 5.56758 5.56758
684 5.56758 5.56758
685 5.56758 5.56758
686 5.56758 5.56758
687 5.56758 5.56758
688 5.56758 5.56758
689 5.56758 5.56758
690 5.56758 5.56758
691 5.56758 5.56758
692 5.56758 5.56758
693 5.56758 5.56758
694 5.56758 5.56758
695 5.56758 5.56758
696 5.56758 5.56758
697 5.56758 5.56758
698 5.56758 5.56758
699 5.56758 5.56758
700 5.56758 5.56758
701 5.56758 5.56758
702 5.56758 5.56758
703 5.20647 5.56613
704 5.20647 5.5358
705 5.20647 5.44971
706 5.20647 5.28179
707 5.20647 5.20647
708 5.20647 5.20647
709 5.20647 5.20647
710 5.20647 5.20647
711 5.20647 5.20647
712 5.20647 5.20647
713 5.20647 5.20647
714 5.20647 5.20647
715 5.20647 5.20647
716 5.20647 5.20647
717 5.20647 5.20647
718 5.20647 5.20647
719 5.20647 5.20647
720 5.20647 5.20647
721 5.20647 5.20647
722 5.20647 5.20647
723 5.20647 5.20647
724 5.20647 5.20647
725 5.20647 5.20647
726 5.20647 5.20647
727 5.20647 5.20647
728 5.20647 5.20647
729 5.20647 5.20647
730 5.20647 5.20647
731 5.20647 5.20647
732 5.20647 5.20647
733 5.20647 5.20647
734 5.20647 5.20647
735 5.20647 5.20647
736 5.20647 5.20647
737 5.20647 5.20647
738 5.20647 5.20647
739 5.20647 5.20647
740 5.20647 5.20647
741 5.20647 5.20647
742 5.20647 5.20647
743 5.20647 5.20647
744 5.20647 5.20647
745 5.20647 5.20647
746 5.20647 5.20647
747 5.20647 5.20647
748 5.20647 5.20647
749 5.20647 5.20647
750 5.20647 5.20647
751 5.20647 5.20647
752 5.20647 5.20647
753 5.20647 5.20647
754 5.20647 5.20647
755 5.20647 5.20647
756 5.20647 5.20647
757 5.20647 5.20647
758 5.20647 5.20647
759 5.20647 5.20647
760 5.20647 5.20647
761 5.20647 5.20647
762 5.20647 5.20647
763 5.20647 5.20647
764 5.20647 5.20647
765 5.20647 5.20647
766 5.20647 5.20647
767 5.20647 5.20647
768 5.20647 5.20647
769 5.20647 5.20647
770 5.20647 5.20647
771 5.20647 5.20647
772 5.20647 5.20647
773 5.20647 5.20647
774 5.20647 5.20647
775 5.20647 5.20647
776 5.20647 5.20647
777 5.20647 5.20647
778 5.20647 5.20647
779 5.20647 5.20647
780 5.20647 5.20647
781 5.20647 5.20647
782 5.20647 5.20647
783 5.20647 5.20647
784 5.20647 5.20647
785 5.20647 5.20647
786 5.20647 5.20647
787 5.20647 5.20647
788 5.20647 5.20647
789 5.20647 5.20647
790 5.20647 5.20647
791 5.20647 5.20647
792 5.20647 5.20647
793 5.20647 5.20647
794 5.20647 5.20647
795 5.20647 5.20647
796 5.20647 5.20647
797 5.20647 5.20647
798 5.20647 5.20647
799 5.20647 5.20647
800 5.20647 5.20647
801 5.20647 5.20647
802 5.20647 5.20647
803 5.20647 5.20647
804 5.20647 5.20647
805 5.20647 5.20647
806 5.20647 5.20647
807 5.20647 5.20647
808 5.20647 5.20647
809 5.20647 5.20647
810 5.20647 5.20647
811 5.20647 5.20647
812 5.20647 5.20647
813 5.20647 5.20647
814 5.20647 5.20647
815 5.20647 5.20647
816 5.20647 5.20647
817 5.20647 5.20647
818 5.20647 5.20647
819 5.20647 5.20647
820 5.20647 5.20647
821 5.20647 5.20647
822 5.20647 5.20647
823 5.20647 5.20647
824 5.20647 5.20647
825 5.20647 5.20647
826 5.20647 5.20647
827 5.20647 5.20647
828 5.20647 5.20647
829 5.20647 5.20647
830 5.20647 5.20647
831 5.20647 5.20647
832 5.20647 5.20647
833 5.20647 5.20647
834 5.20647 5.20647
835 5.20647 5.20647
836 5.20647 5.20647
837 5.20647 5.20647
838 5.20647 5.20647
839 5.20647 5.20647
840 5.20647 5.20647
841 5.20647 5.20647
842 5.20647 5.20647
843 5.20647 5.20647
844 5.20647 5.20647
845 5.20647 5.20647
846 5.20647 5.20647
847 5.20647 5.20647
848 5.20647 5.20647
849 5.20647 5.20647
850 5.20647 5.20647
851 5.20647 5.20647
852 5.20647 5.20647
853 5.20647 5.20647
854 5.20647 5.20647
855 5.20647 5.20647
856 5.20647 5.20647
857 5.20647 5.20647
858 5.20647 5.20647
859 5.20647 5.20647
860 5.20647 5.20647
861 5.20647 5.20647
862 5.20647 5.20647
863 5.20647 5.20647
864 5.20647 5.20647
865 5.20647 5.20647
866 5.20647 5.20647
867 5.20647 5.20647
868 5.20647 5.20647
869 5.20647 5.20647
870 5.20647 5.20647
871 5.20647 5.20647
872 5.20647 5.20647
873 5.20647 5.20647
874 5.20647 5.20647
875 5.20647 5.20647
876 5.20647 5.20647
877 5.20647 5.20647
878 5.20647 5.20647
879 5.20647 5.20647
880 5.20647 5.20647
881 5.20647 5.20647
882 5.20647 5.20647
883 5.20647 5.20647
884 5.20647 5.20647
885 5.20647 5.20647
886 5.20647 5.20647
887 5.20647 5.20647
888 5.20647 5.20647
889 5.20647 5.20647
890 5.20647 5.20647
891 5.20647 5.20647
892 5.20647 5.20647
893 5.20647 5.20647
894 5.20647 5.20647
895 5.20647 5.20647
896 5.20647 5.20647
897 5.20647 5.20647
898 5.20647 5.20647
899 5.20647 5.20647
900 5.20647 5.20647
901 5.20647 5.20647
902 5.20647 5.20647
903 5.20647 5.20647
904 5.20647 5.20647
905 5.20647 5.20647
906 5.20647 5.20647
907 5.20647 5.20647
908 5.20647 5.20647
909 5.20647 5.20647
910 5.20647 5.20647
911 5.20647 5.20647
912 5.20647 5.20647
913 5.20647 5.20647
914 5.20647 5.20647
915 5.20647 5.20647
916 5.20647 5.20647
917 5.20647 5.20647
918 5.20647 5.20647
919 5.20647 5.20647
920 5.20647 5.20647
921 5.20647 5.20647
922 5.20647 5.20647
923 5.20647 5.20647
924 5.20647 5.20647
925 5.20647 5.20647
926 5.20647 5.20647
927 5.20647 5.20647
928 5.20647 5.20647
929 5.20647 5.20647
930 5.20647 5.20647
931 5.20647 5.20647
932 5.20647 5.20647
933 5.20647 5.20647
934 5.20647 5.20647
935 5.20647 5.20647
936 5.20647 5.20647
937 5.20647 5.20647
938 5.20647 5.20647
939 5.20647 5.20647
940 5.20647 5.20647
941 5.20647 5.20647
942 5.20647 5.20647
943 5.20647 5.20647
944 5.20647 5.20647
945 5.20647 5.20647
946 5.20647 5.20647
947 5.20647 5.20647
948 5.20647 5.20647
949 5.20647 5.20647
950 5.20647 5.20647
951 5.20647 5.20647
952 5.20647 5.20647
953 5.20647 5.20647
954 5.20647 5.20647
955 5.20647 5.20647
956 5.20647 5.20647
957 5.20647 5.20647
958 5.20647 5.20647
959 5.20647 5.20647
960 5.20647 5.20647
961 5.20647 5.20647
962 5.20647 5.20647
963 5.20647 5.20647
964 5.20647 5.20647
965 5.20647 5.20647
966 5.20647 5.20647
967 5.20647 5.20647
968 5.20647 5.20647
969 5.20647 5.20647
970 5.20647 5.20647
971 5.20647 5.20647
972 5.20647 5.20647
973 5.20647 5.20647
974 5.20647 5.20647
975 5.20647 5.20647
976 5.20647 5.20647
977 5.20647 5.20647
978 5.20647 5.20647
979 5.20647 5.20647
980 5.20647 5.20647
981 5.20647 5.20647
982 5.20647 5.20647
983 5.20647 5.20647
984 5.20647 5.20647
985 5.20647 5.20647
986 5.20647 5.20647
987 5.20647 5.20647
988 5.20647 5.20647
989 5.20647 5.20647
990 5.20647 5.20647
991 5.20647 5.20647
992 5.20647 5.20647
993 5.20647 5.20647
994 5.20647 5.20647
995 5.20647 5.20647
996 5.20647 5.20647
997 5.20647 5.20647
998 5.20647 5.20647
999 5.20647 5.20647
