0 34.6489 40.4853
1 29.9881 38.3205
2 28.4728 36.2094
3 26.7012 33.8188
4 23.9979 31.387
5 23.0358 29.3277
6 22.2284 27.5749
7 20.9198 25.9004
8 20.4621 24.8399
9 20.0332 23.8696
10 19.9058 22.7938
11 18.7508 21.7972
12 18.4894 21.4875
13 17.8253 20.9
14 17.8253 20.5056
15 17.1389 20.067
16 17.1389 19.7166
17 17.0642 19.6361
18 15.7697 18.9037
19 15.7697 18.9257
20 13.7789 18.6622
21 13.7789 18.0477
22 13.2919 17.1345
23 13.0004 16.2729
24 13.0004 15.4361
25 12.9626 14.8409
26 12.6709 14.3612
27 12.651 14.2248
28 12.6066 13.8216
29 12.4256 13.4715
30 12.4129 13.3483
31 12.2752 13.1142
32 12.1796 13.1391
33 11.7974 13.2157
34 11.7974 13.1917
35 11.7974 13.04
36 11.6602 12.8031
37 11.6602 12.6965
38 11.6053 12.4817
39 11.6053 12.7562
40 11.531 12.7417
41 11.5029 12.9542
42 11.497 12.7743
43 11.4855 12.928
44 11.4855 12.7746
45 11.4779 12.6343
46 11.4779 12.679
47 11.3967 12.7304
48 11.3967 12.5372
49 11.3314 12.6207
50 10.888 12.2396
51 10.888 12.0089
52 10.8805 11.6126
53 10.8805 11.5706
54 10.8805 11.7135
55 10.7403 11.745
56 10.7403 11.6066
57 10.7403 11.6655
58 10.7403 11.7137
59 10.4224 11.6442
60 10.4224 11.4874
61 10.4224 11.5061
62 10.4224 11.6156
63 10.4224 11.722
64 10.3031 11.6885
65 10.2161 11.4354
66 10.1302 11.4883
67 10.1302 11.5856
68 10.1302 11.3744
69 10.1302 11.2933
70 10.1302 11.0805
71 10.1302 10.8455
72 10.1302 10.872
73 10.1287 10.8011
74 10.1287 10.9114
75 10.1192 10.7041
76 10.1192 11.0127
77 9.9156 11.0763
78 9.9156 11.0171
79 9.88203 11.2502
80 9.88203 11.0237
81 9.88203 10.8234
82 9.88203 11.0811
83 9.88203 11.1104
84 9.88203 10.7899
85 9.88203 10.938
86 9.83446 10.8559
87 9.83446 10.8305
88 9.83446 10.7851
89 9.83446 10.3553
90 9.82866 10.4594
91 9.81338 10.5385
92 9.81338 10.6976
93 9.81338 10.7645
94 9.81338 10.6501
95 9.81338 10.6251
96 9.81338 10.6069
97 9.43935 10.6258
98 9.43935 10.3868
99 9.43935 10.2524
100 9.43935 10.1726
101 9.43935 10.1697
102 9.43935 10.2762
103 9.43935 10.0151
104 9.43935 10.0149
105 9.43935 10.041
106 9.43935 10.2786
107 9.43935 10.1031
108 9.43935 9.99989
109 9.43935 10.2393
110 9.43935 10.471
111 9.43935 10.5431
112 9.43935 10.359
113 9.43935 10.0845
114 9.43935 10.0791
115 9.43935 10.1614
116 9.43935 10.2676
117 9.43935 10.0591
118 9.43935 10.039
119 9.39245 9.94341
120 9.39245 9.98243
121 9.39245 9.9688
122 9.39245 9.99615
123 9.39245 9.87348
124 9.39245 9.88836
125 9.39245 9.69386
126 9.39245 10.1677
127 9.39245 9.94551
128 9.39245 10.1077
129 9.39245 10.0772
130 9.39245 9.75973
131 9.39199 9.75812
132 9.39199 10.123
133 9.39199 9.91664
134 9.38313 10.1344
135 9.38313 10.2503
136 9.38313 10.1179
137 9.34707 10.0602
138 9.34707 10.1029
139 9.34707 10.0457
140 9.34651 9.79098
141 9.24333 9.67965
142 9.24333 9.74176
143 9.20706 9.86874
144 9.20706 10.2946
145 9.20706 10.0401
146 9.20706 10.0673
147 9.20706 9.8149
148 9.20706 9.96521
149 9.20706 9.95032
150 9.20706 9.94742
151 9.20706 9.66796
152 9.20706 9.71262
153 9.20706 9.73558
154 9.20706 9.83652
155 9.20706 9.61621
156 9.20706 9.60427
157 9.20706 9.62844
158 9.11213 9.69859
159 9.11213 9.69984
160 9.11213 9.75412
161 9.11213 9.8681
162 9.10982 9.88875
163 9.10982 9.59905
164 9.10982 9.6541
165 9.10982 9.87863
166 9.10982 9.74532
167 9.10982 9.92732
168 9.10982 10.0858
169 9.10982 10.2168
170 9.10982 10.0388
171 9.10982 9.75022
172 9.10982 9.51278
173 9.10982 9.41793
174 9.10982 9.50621
175 9.10982 9.46323
176 9.10982 9.78809
177 9.10982 9.65517
178 9.10982 9.91927
179 9.10982 9.78208
180 9.10982 9.89113
181 9.10982 9.83518
182 9.10982 10.1903
183 9.10982 10.1331
184 9.10982 9.9869
185 9.10982 9.93704
186 9.10982 9.6998
187 9.10982 9.791
188 9.10982 9.67461
189 9.10982 9.76052
190 9.10982 9.61081
191 9.10982 9.66338
192 9.10982 9.79186
193 9.10982 9.83587
194 9.10982 9.82294
195 9.10982 9.79033
196 9.10982 9.80756
197 9.10982 9.68416
198 9.02013 9.60879
199 9.02013 9.68023
200 9.02013 9.77338
201 9.02013 9.64336
202 9.02013 10.1263
203 9.02013 9.80042
204 9.02013 9.98605
205 9.02013 9.75972
206 9.02013 9.58944
207 9.02013 9.6562
208 9.00112 9.72392
209 9.00112 9.69453
210 9.00112 9.77694
211 9.00112 9.6059
212 9.00112 9.63749
213 9.00112 9.64407
214 9.00112 9.36734
215 9.00112 9.3941
216 9.00112 9.47021
217 9.00112 9.64335
218 9.00112 9.46895
219 9.00112 9.59237
220 9.00112 9.68383
221 9.00112 9.64454
222 9.00112 9.6383
223 9.00112 9.56163
224 9.00112 9.3944
225 9.00112 9.26966
226 9.00112 9.45059
227 9.00112 9.41307
228 9.00112 9.41311
229 9.00112 9.43929
230 9.00112 9.45009
231 9.00112 9.3904
232 9.00112 9.5329
233 9.00112 9.42751
234 9.00112 9.6456
235 9.00112 9.74878
236 9.00112 9.48286
237 9.00112 9.57144
238 9.00112 9.34211
239 9.00112 9.46272
240 9.00112 9.25219
241 9.00112 9.49636
242 9.00112 9.72567
243 9.00112 9.83456
244 9.00112 9.86983
245 9.00112 9.76151
246 9.00112 9.81533
247 9.00112 9.78264
248 9.00112 9.72901
249 9.00112 9.51413
250 9.00112 9.524
251 9.00112 9.80643
252 9.00112 9.67666
253 9.00112 9.63044
254 9.00112 9.45814
255 9.00112 9.43954
256 9.00112 9.40471
257 9.00112 9.59665
258 9.00112 9.52949
259 9.00112 9.72647
260 9.00112 9.8249
261 9.00112 9.49208
262 9.00112 9.37156
263 9.00112 9.48036
264 9.00112 9.24986
265 9.00112 9.312
266 9.00112 9.41239
267 9.00112 9.44556
268 9.00112 9.30774
269 9.00112 9.39393
270 9.00112 9.6932
271 9.00112 9.43211
272 9.00112 9.42553
273 9.00112 9.45805
274 9.00112 9.63356
275 9.00112 9.54373
276 9.00112 9.57802
277 9.00112 9.47527
278 9.00112 9.72785
279 9.00112 9.48562
280 9.00112 9.56937
281 9.00112 9.636
282 9.00112 9.83831
283 9.00112 9.95235
284 9.00112 10.0674
285 9.00112 10.1104
286 9.00112 9.92702
287 9.00112 9.88414
288 9.00112 9.60019
289 9.00112 9.66582
290 9.00112 9.72064
291 9.00112 9.79222
292 9.00112 9.49354
293 9.00112 9.60375
294 9.00112 9.53536
295 9.00112 9.50268
296 9.00112 9.25982
297 9.00112 9.40519
298 8.75035 9.39933
299 8.75035 9.40579
300 8.75035 9.60855
301 8.75035 9.85266
302 8.75035 9.91154
303 8.75035 9.83074
304 8.75035 9.76576
305 8.75035 9.65298
306 8.75035 9.24895
307 8.75035 9.28789
308 8.75035 9.21837
309 8.75035 9.35691
310 8.75035 9.85777
311 8.75035 9.3096
312 8.75035 9.27964
313 8.75035 9.12649
314 8.54842 9.17646
315 8.54842 9.22802
316 8.49312 9.28208
317 8.49312 9.03959
318 8.18373 9.02021
319 8.18373 8.89801
320 8.1776 8.90411
321 7.86822 8.96226
322 7.85877 9.29706
323 7.85877 9.06787
324 7.5553 8.80872
325 7.54585 8.93966
326 7.54585 8.52795
327 7.54585 8.57959
328 7.54585 8.58963
329 7.54585 8.41388
330 7.54585 8.63914
331 7.54585 8.66793
332 7.54585 8.37172
333 7.54585 8.24953
334 7.54585 8.13954
335 7.54585 8.11952
336 7.54585 8.17693
337 7.54585 8.38535
338 7.54585 8.18932
339 7.54585 8.42245
340 7.54585 8.18778
341 7.54585 8.2907
342 7.54585 8.15451
343 7.54585 8.28013
344 7.54585 8.47121
345 7.54585 8.25713
346 7.54585 8.21902
347 7.54585 8.11129
348 7.54585 8.10336
349 7.54585 8.0539
350 7.54585 8.07616
351 7.54585 8.28355
352 7.54585 8.24481
353 7.54585 8.15133
354 7.54585 8.02904
355 7.54585 8.14527
356 7.54585 8.14828
357 7.54585 8.17496
358 7.54585 8.21623
359 7.54585 8.62654
360 7.54585 8.73091
361 7.54585 8.33055
362 7.54585 8.29238
363 7.54585 8.21288
364 7.54585 8.24911
365 7.54585 8.29916
366 7.54585 8.17125
367 7.54585 8.16655
368 7.54585 8.42214
369 7.54585 8.21622
370 7.54585 8.10013
371 7.54585 8.05372
372 7.54585 8.11184
373 7.54585 8.05027
374 7.54585 7.80368
375 7.54585 8.20214
376 7.54585 8.25939
377 7.54585 8.42599
378 7.54585 8.15248
379 7.54585 8.0526
380 7.54585 8.03661
381 7.54585 8.14113
382 7.54585 8.18673
383 7.54585 8.28593
384 7.54585 8.30207
385 7.54585 8.214
386 7.54585 8.30823
387 7.54585 8.12164
388 7.54585 7.97702
389 7.54585 8.02975
390 7.54585 8.07009
391 7.54585 8.08583
392 7.54585 7.91926
393 7.54585 8.00274
394 7.54585 8.15485
395 7.54585 8.50746
396 7.54585 8.4073
397 7.54585 8.40941
398 7.54585 8.47064
399 7.54585 8.48175
400 7.54585 8.31907
401 7.54585 8.35119
402 7.54585 8.6951
403 7.54585 8.43605
404 7.54585 7.95436
405 7.54585 8.16891
406 7.54585 8.14012
407 7.54585 8.15274
408 7.54585 8.20292
409 7.54585 8.03146
410 7.54585 7.79532
411 7.54585 7.89549
412 7.54585 7.87196
413 7.54585 7.89225
414 7.54585 8.1013
415 7.54585 7.94525
416 7.54585 7.96928
417 7.54585 7.92446
418 7.54585 8.14222
419 7.54585 8.15306
420 7.54585 8.2392
421 7.54585 8.25693
422 7.54585 8.33522
423 7.54585 8.19082
424 7.54585 8.19918
425 7.54585 8.09216
426 7.54585 8.07696
427 7.54585 8.20452
428 7.54585 8.33196
429 7.54585 8.14981
430 7.54585 8.09158
431 7.54585 8.00045
432 7.54585 8.07237
433 7.54585 8.21207
434 7.54585 8.41047
435 7.54585 8.09251
436 7.54585 8.10811
437 7.54585 8.1358
438 7.54585 8.1443
439 7.54585 8.14232
440 7.54585 8.32635
441 7.54585 8.45138
442 7.54585 8.2817
443 7.54585 8.18712
444 7.54585 8.17719
445 7.54585 7.98424
446 7.54585 8.31997
447 7.54585 8.20504
448 7.54585 8.13395
449 7.54585 8.03269
450 7.54585 8.10637
451 7.54585 7.88821
452 7.54585 7.94728
453 7.54585 8.02142
454 7.54585 8.05444
455 7.54585 8.03859
456 7.54585 8.1236
457 7.54585 8.50997
458 7.54585 7.95561
459 7.54235 7.908
460 7.54235 7.94383
461 7.54235 8.08697
462 7.54235 8.15941
463 7.54235 8.02773
464 7.54235 8.25356
465 7.54235 8.30559
466 7.51639 7.97669
467 7.51639 8.0477
468 7.51447 8.1419
469 7.51447 8.27769
470 7.51447 8.42453
471 7.51447 8.40663
472 7.51447 8.11962
473 7.45773 8.28306
474 7.44816 8.39422
475 7.44816 8.5377
476 7.42459 8.51599
477 7.42276 8.74834
478 7.42276 8.56725
479 7.42276 8.57649
480 7.42276 8.59194
481 7.42276 8.34328
482 7.42276 8.12723
483 7.42276 8.19019
484 7.42276 7.96017
485 7.42276 8.02596
486 7.41413 7.80601
487 6.97333 7.93413
488 6.97333 8.1883
489 6.84127 7.93926
490 6.84127 8.02628
491 6.84127 7.80856
492 6.84127 7.58058
493 6.84127 7.51844
494 6.7845 7.6152
495 6.77546 7.36814
496 6.51396 7.29407
497 6.51396 7.26293
498 6.44537 7.00865
499 6.44537 7.01141
500 6.44537 6.90525
501 6.44537 6.82981
502 6.44537 6.99229
503 6.44537 6.79786
504 6.24306 7.04893
505 6.24306 7.18323
506 6.24306 7.09217
507 6.24306 7.01767
508 6.24306 6.77507
509 6.24306 6.69388
510 6.24306 7.01797
511 6.24306 6.9766
512 6.24306 7.04622
513 6.24306 7.08008
514 6.24306 6.71347
515 6.24306 6.58332
516 6.24306 6.81752
517 6.24306 6.92652
518 6.24306 6.75427
519 6.24306 6.91857
520 6.24306 6.73622
521 6.24306 6.85039
522 6.24306 6.86184
523 6.24306 6.5808
524 6.24306 6.57315
525 6.24306 6.51706
526 6.24306 6.6727
527 6.24306 6.78649
528 6.24306 6.64693
529 6.24306 6.72344
530 6.24306 7.01259
531 6.24306 6.86897
532 6.24306 7.10405
533 6.24306 7.12385
534 6.24306 6.95393
535 6.24306 6.97161
536 6.24306 7.14192
537 6.24306 6.68282
538 6.24306 6.97875
539 6.24306 6.97999
540 6.24306 6.89048
541 6.24306 6.83847
542 6.24306 6.9253
543 6.24306 6.65133
544 6.24306 6.83033
545 6.24306 6.88265
546 6.24306 7.29465
547 6.24306 7.3268
548 6.24306 7.12545
549 6.24306 7.13684
550 6.24306 7.15959
551 6.24306 6.75496
552 6.24306 6.91734
553 6.24306 6.79119
554 6.24306 6.70545
555 6.24306 6.67099
556 6.24306 6.60077
557 6.24306 6.75344
558 6.24306 6.73776
559 6.24306 6.77573
560 6.24306 6.92167
561 6.24306 6.66855
562 6.24306 7.02502
563 6.24306 6.90492
564 6.24306 7.20363
565 6.24306 7.04703
566 6.24306 6.77157
567 6.24306 6.68328
568 6.24306 6.81056
569 6.24306 6.58663
570 6.24306 6.74904
571 6.24306 6.68399
572 6.24306 6.8983
573 6.24306 6.78383
574 6.24306 6.73197
575 6.24306 6.74207
576 6.24306 6.9888
577 6.24306 7.0267
578 6.24306 6.80645
579 6.24306 6.96466
580 6.24306 6.77954
581 6.24306 6.99576
582 6.24306 6.99405
583 6.24306 6.9647
584 6.24306 6.88198
585 6.24306 7.13711
586 6.24306 6.94112
587 6.24306 6.7495
588 6.24306 6.64953
589 6.24306 6.47931
590 6.24306 6.52838
591 6.24306 6.6285
592 6.24306 6.72679
593 6.24306 6.57777
594 6.24306 6.60372
595 6.24306 6.67164
596 6.24306 6.69195
597 6.24306 6.77665
598 6.24306 6.83956
599 6.24306 6.93669
