#     BLOCK:   ACTUAL_M:     M_AVE:       ERROR:
           1   0.0555556   0.0555556           0
           2   0.0555556   0.0555556           0
           3   0.0555556   0.0555556           0
           4   0.0555556   0.0555556           0
           5   0.0555556   0.0555556  2.9451e-10
           6   0.0555556   0.0555556  2.6885e-10
           7   0.0555556   0.0555556 4.31119e-10
           8   0.0555556   0.0555556 4.03275e-10
           9   0.0555556   0.0555556 3.80211e-10
          10   0.0555556   0.0555556   3.607e-10
          11   0.0555556   0.0555556 4.43991e-10
          12   0.0555556   0.0555556 4.25089e-10
          13   0.0555556   0.0555556 4.08412e-10
          14   0.0555556   0.0555556 3.93556e-10
          15   0.0555556   0.0555556 3.80211e-10
          16   0.0555556   0.0555556 3.68138e-10
          17   0.0555556   0.0555556 3.57146e-10
          18   0.0555556   0.0555556  2.6885e-10
          19   0.0555556   0.0555556 2.61679e-10
          20   0.0555556   0.0555556 2.55053e-10
          21   0.0555556   0.0555556 2.48906e-10
          22   0.0555556   0.0555556 3.13949e-10
          23   0.0555556   0.0555556 3.07048e-10
          24   0.0555556   0.0555556 3.00583e-10
          25   0.0555556   0.0555556  2.9451e-10
          26   0.0555556   0.0555556 2.88791e-10
          27   0.0555556   0.0555556 2.83392e-10
          28   0.0555556   0.0555556 2.78286e-10
          29   0.0555556   0.0555556 2.73446e-10
          30   0.0555556   0.0555556  2.6885e-10
          31   0.0555556   0.0555556 2.64478e-10
          32   0.0555556   0.0555556 2.60313e-10
          33   0.0555556   0.0555556 2.56338e-10
          34   0.0555556   0.0555556  2.5254e-10
          35   0.0555556   0.0555556 2.48906e-10
          36   0.0555556   0.0555556 1.90105e-10
          37   0.0555556   0.0555556 1.08264e-10
          38   0.0555556   0.0555556  1.0683e-10
          39   0.0555556   0.0555556           0
          40   0.0555556   0.0555556 1.47255e-10
          41   0.0555556   0.0555556 1.78137e-10
          42   0.0555556   0.0555556 2.48906e-10
          43   0.0555556   0.0555556 2.84051e-10
          44   0.0555556   0.0555556 2.97838e-10
          45   0.0555556   0.0555556 3.40071e-10
          46   0.0555556   0.0555556 3.36354e-10
          47   0.0555556   0.0555556 3.59418e-10
          48   0.0555556   0.0555556 3.55655e-10
          49   0.0555556   0.0555556 3.87893e-10
          50   0.0555556   0.0555556 3.83994e-10
          51   0.0555556   0.0555556 4.12397e-10
          52   0.0555556   0.0555556 4.08412e-10
          53   0.0555556   0.0555556 4.14531e-10
          54   0.0555556   0.0555556 4.29786e-10
          55   0.0555556   0.0555556  4.3502e-10
          56   0.0555556   0.0555556 4.40009e-10
          57   0.0555556   0.0555556 4.44769e-10
          58   0.0555556   0.0555556 4.40918e-10
          59   0.0555556   0.0555556 4.53668e-10
          60   0.0555556   0.0555556 4.57834e-10
          61   0.0555556   0.0555556 4.54066e-10
          62   0.0555556   0.0555556  4.5039e-10
          63   0.0555556   0.0555556 4.69342e-10
          64   0.0555556   0.0555556 4.65661e-10
          65   0.0555556   0.0555556 4.62065e-10
          66   0.0555556   0.0555556 4.79565e-10
          67   0.0555556   0.0555556 4.75972e-10
          68   0.0555556   0.0555556  4.7246e-10
          69   0.0555556   0.0555556 4.69024e-10
          70   0.0555556   0.0555556 4.72267e-10
          71   0.0555556   0.0555556 4.81779e-10
          72   0.0555556   0.0555556 4.78421e-10
          73   0.0555556   0.0555556 4.62461e-10
          74   0.0555556   0.0555556 4.65661e-10
          75   0.0555556   0.0555556 4.74883e-10
          76   0.0555556   0.0555556 4.71749e-10
          77   0.0555556   0.0555556 4.68675e-10
          78   0.0555556   0.0555556 4.71594e-10
          79   0.0555556   0.0555556 4.68599e-10
          80   0.0555556   0.0555556 4.71446e-10
          81   0.0555556   0.0555556 4.68527e-10
          82   0.0555556   0.0555556 4.65661e-10
          83   0.0555556   0.0555556 4.68458e-10
          84   0.0555556   0.0555556 4.65661e-10
          85   0.0555556   0.0555556 4.62914e-10
          86   0.0555556   0.0555556 4.71045e-10
          87   0.0555556   0.0555556  4.6833e-10
          88   0.0555556   0.0555556 4.65661e-10
          89   0.0555556   0.0555556  4.6827e-10
          90   0.0555556   0.0555556 4.65661e-10
          91   0.0555556   0.0555556 4.63096e-10
          92   0.0555556   0.0555556 4.60572e-10
          93   0.0555556   0.0555556 4.68158e-10
          94   0.0555556   0.0555556 4.65661e-10
          95   0.0555556   0.0555556 4.68106e-10
          96   0.0555556   0.0555556 4.65661e-10
          97   0.0555556   0.0555556 4.63255e-10
          98   0.0555556   0.0555556 4.60885e-10
          99   0.0555556   0.0555556 4.58552e-10
         100   0.0555556   0.0555556 4.56253e-10
         101   0.0555556   0.0555556  4.6335e-10
         102   0.0555556   0.0555556 4.61073e-10
         103   0.0555556   0.0555556 4.63395e-10
         104   0.0555556   0.0555556 4.61162e-10
         105   0.0555556   0.0555556 4.58961e-10
         106   0.0555556   0.0555556 4.56791e-10
         107   0.0555556   0.0555556 4.54651e-10
         108   0.0555556   0.0555556 4.52541e-10
         109   0.0555556   0.0555556 4.50461e-10
         110   0.0555556   0.0555556 4.52783e-10
         111   0.0555556   0.0555556 4.50739e-10
         112   0.0555556   0.0555556 4.53017e-10
         113   0.0555556   0.0555556 4.51008e-10
         114   0.0555556   0.0555556 4.49025e-10
         115   0.0555556   0.0555556 4.47069e-10
         116   0.0555556   0.0555556 4.45137e-10
         117   0.0555556   0.0555556 4.43231e-10
         118   0.0555556   0.0555556 4.41349e-10
         119   0.0555556   0.0555556 4.39491e-10
         120   0.0555556   0.0555556 4.37656e-10
         121   0.0555556   0.0555556 4.35843e-10
         122   0.0555556   0.0555556 4.46169e-10
         123   0.0555556   0.0555556 4.44351e-10
         124   0.0555556   0.0555556 4.42556e-10
         125   0.0555556   0.0555556 4.40782e-10
         126   0.0555556   0.0555556  4.3903e-10
         127   0.0555556   0.0555556 4.37298e-10
         128   0.0555556   0.0555556 4.35586e-10
         129   0.0555556   0.0555556 4.33895e-10
         130   0.0555556   0.0555556 4.32223e-10
         131   0.0555556   0.0555556  4.3057e-10
         132   0.0555556   0.0555556 4.28936e-10
         133   0.0555556   0.0555556  4.2732e-10
         134   0.0555556   0.0555556 4.25723e-10
         135   0.0555556   0.0555556 4.27913e-10
         136   0.0555556   0.0555556 4.33752e-10
         137   0.0555556   0.0555556 4.32166e-10
         138   0.0555556   0.0555556 4.30598e-10
         139   0.0555556   0.0555556 4.29046e-10
         140   0.0555556   0.0555556 4.27511e-10
         141   0.0555556   0.0555556 4.25992e-10
         142   0.0555556   0.0555556  4.2449e-10
         143   0.0555556   0.0555556 4.23003e-10
         144   0.0555556   0.0555556 4.21531e-10
         145   0.0555556   0.0555556 4.12894e-10
         146   0.0555556   0.0555556 4.11478e-10
         147   0.0555556   0.0555556 4.10076e-10
         148   0.0555556   0.0555556 4.08688e-10
         149   0.0555556   0.0555556 4.07314e-10
         150   0.0555556   0.0555556 4.05954e-10
         151   0.0555556   0.0555556 4.15119e-10
         152   0.0555556   0.0555556 4.13751e-10
         153   0.0555556   0.0555556 4.12397e-10
         154   0.0555556   0.0555556 4.11055e-10
         155   0.0555556   0.0555556 4.09727e-10
         156   0.0555556   0.0555556 4.08412e-10
         157   0.0555556   0.0555556 4.07109e-10
         158   0.0555556   0.0555556 4.05819e-10
         159   0.0555556   0.0555556 4.04541e-10
         160   0.0555556   0.0555556 4.03275e-10
         161   0.0555556   0.0555556  4.0202e-10
         162   0.0555556   0.0555556 4.00777e-10
         163   0.0555556   0.0555556 3.99546e-10
         164   0.0555556   0.0555556 3.98326e-10
         165   0.0555556   0.0555556 3.97117e-10
         166   0.0555556   0.0555556 3.95919e-10
         167   0.0555556   0.0555556 3.94732e-10
         168   0.0555556   0.0555556 3.93556e-10
         169   0.0555556   0.0555556  3.9239e-10
         170   0.0555556   0.0555556 3.91234e-10
         171   0.0555556   0.0555556 3.99721e-10
         172   0.0555556   0.0555556 3.98558e-10
         173   0.0555556   0.0555556 3.97404e-10
         174   0.0555556   0.0555556  3.9626e-10
         175   0.0555556   0.0555556 3.95127e-10
         176   0.0555556   0.0555556 3.94003e-10
         177   0.0555556   0.0555556 3.92888e-10
         178   0.0555556   0.0555556 3.91783e-10
         179   0.0555556   0.0555556 3.90687e-10
         180   0.0555556   0.0555556   3.896e-10
         181   0.0555556   0.0555556 3.88522e-10
         182   0.0555556   0.0555556 3.87454e-10
         183   0.0555556   0.0555556 3.86394e-10
         184   0.0555556   0.0555556 3.85342e-10
         185   0.0555556   0.0555556 3.84299e-10
         186   0.0555556   0.0555556 3.83265e-10
         187   0.0555556   0.0555556 3.82239e-10
         188   0.0555556   0.0555556 3.81221e-10
         189   0.0555556   0.0555556 3.80211e-10
         190   0.0555556   0.0555556 3.79209e-10
         191   0.0555556   0.0555556 3.78215e-10
         192   0.0555556   0.0555556 3.77229e-10
         193   0.0555556   0.0555556  3.7625e-10
         194   0.0555556   0.0555556 3.75279e-10
         195   0.0555556   0.0555556 3.74316e-10
         196   0.0555556   0.0555556  3.7336e-10
         197   0.0555556   0.0555556 3.81175e-10
         198   0.0555556   0.0555556 3.80211e-10
         199   0.0555556   0.0555556 3.79254e-10
         200   0.0555556   0.0555556 3.78305e-10
         201   0.0555556   0.0555556 3.77363e-10
         202   0.0555556   0.0555556 3.76428e-10
         203   0.0555556   0.0555556 3.75499e-10
         204   0.0555556   0.0555556 3.74578e-10
         205   0.0555556   0.0555556 3.73663e-10
         206   0.0555556   0.0555556 3.72755e-10
         207   0.0555556   0.0555556 3.71854e-10
         208   0.0555556   0.0555556 3.70959e-10
         209   0.0555556   0.0555556  3.7007e-10
         210   0.0555556   0.0555556 3.69188e-10
         211   0.0555556   0.0555556 3.68312e-10
         212   0.0555556   0.0555556 3.67442e-10
         213   0.0555556   0.0555556 3.66579e-10
         214   0.0555556   0.0555556 3.65721e-10
         215   0.0555556   0.0555556  3.6487e-10
         216   0.0555556   0.0555556 3.64024e-10
         217   0.0555556   0.0555556 3.63184e-10
         218   0.0555556   0.0555556  3.6235e-10
         219   0.0555556   0.0555556 3.61522e-10
         220   0.0555556   0.0555556   3.607e-10
         221   0.0555556   0.0555556 3.59883e-10
         222   0.0555556   0.0555556 3.59071e-10
         223   0.0555556   0.0555556 3.58265e-10
         224   0.0555556   0.0555556 3.57465e-10
         225   0.0555556   0.0555556 3.56669e-10
         226   0.0555556   0.0555556 3.55879e-10
         227   0.0555556   0.0555556 3.55095e-10
         228   0.0555556   0.0555556 3.54315e-10
         229   0.0555556   0.0555556 3.53541e-10
         230   0.0555556   0.0555556 3.52771e-10
         231   0.0555556   0.0555556 3.52007e-10
         232   0.0555556   0.0555556 3.51247e-10
         233   0.0555556   0.0555556 3.55764e-10
         234   0.0555556   0.0555556 3.55003e-10
         235   0.0555556   0.0555556 3.54247e-10
         236   0.0555556   0.0555556 3.53495e-10
         237   0.0555556   0.0555556 3.52749e-10
         238   0.0555556   0.0555556 3.52007e-10
         239   0.0555556   0.0555556  3.5127e-10
         240   0.0555556   0.0555556 3.50537e-10
         241   0.0555556   0.0555556 3.49809e-10
         242   0.0555556   0.0555556 3.49086e-10
         243   0.0555556   0.0555556 3.48367e-10
         244   0.0555556   0.0555556 3.47652e-10
         245   0.0555556   0.0555556 3.46942e-10
         246   0.0555556   0.0555556 3.46236e-10
         247   0.0555556   0.0555556 3.45534e-10
         248   0.0555556   0.0555556 3.44837e-10
         249   0.0555556   0.0555556 3.44144e-10
         250   0.0555556   0.0555556 3.43455e-10
         251   0.0555556   0.0555556  3.4277e-10
         252   0.0555556   0.0555556 3.42089e-10
         253   0.0555556   0.0555556 3.41412e-10
         254   0.0555556   0.0555556  3.4074e-10
         255   0.0555556   0.0555556 3.40071e-10
         256   0.0555556   0.0555556 3.39406e-10
         257   0.0555556   0.0555556 3.38745e-10
         258   0.0555556   0.0555556 3.38088e-10
         259   0.0555556   0.0555556 3.37435e-10
         260   0.0555556   0.0555556 3.36785e-10
         261   0.0555556   0.0555556 3.36139e-10
         262   0.0555556   0.0555556 3.35497e-10
         263   0.0555556   0.0555556 3.34859e-10
         264   0.0555556   0.0555556 3.34224e-10
         265   0.0555556   0.0555556 3.33593e-10
         266   0.0555556   0.0555556 3.32965e-10
         267   0.0555556   0.0555556 3.32341e-10
         268   0.0555556   0.0555556  3.3172e-10
         269   0.0555556   0.0555556 3.31103e-10
         270   0.0555556   0.0555556  3.3049e-10
         271   0.0555556   0.0555556 3.29879e-10
         272   0.0555556   0.0555556 3.29272e-10
         273   0.0555556   0.0555556 3.28669e-10
         274   0.0555556   0.0555556 3.28068e-10
         275   0.0555556   0.0555556 3.27471e-10
         276   0.0555556   0.0555556 3.26878e-10
         277   0.0555556   0.0555556 3.26287e-10
         278   0.0555556   0.0555556   3.257e-10
         279   0.0555556   0.0555556 3.25115e-10
         280   0.0555556   0.0555556 3.24534e-10
         281   0.0555556   0.0555556 3.23956e-10
         282   0.0555556   0.0555556 3.23381e-10
         283   0.0555556   0.0555556  3.2281e-10
         284   0.0555556   0.0555556 3.22241e-10
         285   0.0555556   0.0555556 3.28694e-10
         286   0.0555556   0.0555556 3.28119e-10
         287   0.0555556   0.0555556 3.27547e-10
         288   0.0555556   0.0555556 3.26978e-10
         289   0.0555556   0.0555556 3.26411e-10
         290   0.0555556   0.0555556 3.21226e-10
         291   0.0555556   0.0555556 3.18341e-10
         292   0.0555556   0.0555556 3.13087e-10
         293   0.0555556   0.0555556 3.07781e-10
         294   0.0555556   0.0555556 3.02418e-10
         295   0.0555556   0.0555556 2.96995e-10
         296   0.0555556   0.0555556 2.96493e-10
         297   0.0555556   0.0555556 2.93517e-10
         298   0.0555556   0.0555556 2.88015e-10
         299   0.0555556   0.0555556 2.82443e-10
         300   0.0555556   0.0555556 2.76798e-10
         301   0.0555556   0.0555556 2.76337e-10
         302   0.0555556   0.0555556 2.73265e-10
         303   0.0555556   0.0555556 2.67515e-10
         304   0.0555556   0.0555556 2.61679e-10
         305   0.0555556   0.0555556 2.55749e-10
         306   0.0555556   0.0555556 2.55331e-10
         307   0.0555556   0.0555556 2.49311e-10
         308   0.0555556   0.0555556 2.46062e-10
         309   0.0555556   0.0555556 2.39882e-10
         310   0.0555556   0.0555556 2.39495e-10
         311   0.0555556   0.0555556 2.33205e-10
         312   0.0555556   0.0555556 2.26782e-10
         313   0.0555556   0.0555556 2.23339e-10
         314   0.0555556   0.0555556 2.22983e-10
         315   0.0555556   0.0555556 2.16356e-10
         316   0.0555556   0.0555556 2.09564e-10
         317   0.0555556   0.0555556 2.02589e-10
         318   0.0555556   0.0555556  2.0227e-10
         319   0.0555556   0.0555556 1.95105e-10
         320   0.0555556   0.0555556  1.9129e-10
         321   0.0555556   0.0555556 1.83782e-10
         322   0.0555556   0.0555556 1.83496e-10
         323   0.0555556   0.0555556 1.75731e-10
         324   0.0555556   0.0555556 1.63617e-10
         325   0.0555556   0.0555556 1.63365e-10
         326   0.0555556   0.0555556 1.58984e-10
         327   0.0555556   0.0555556 1.50154e-10
         328   0.0555556   0.0555556 1.49925e-10
         329   0.0555556   0.0555556 1.40615e-10
         330   0.0555556   0.0555556 1.30707e-10
         331   0.0555556   0.0555556  1.3051e-10
         332   0.0555556   0.0555556 1.19871e-10
         333   0.0555556   0.0555556  1.1412e-10
         334   0.0555556   0.0555556 1.13949e-10
         335   0.0555556   0.0555556 1.01767e-10
         336   0.0555556   0.0555556 8.80017e-11
         337   0.0555556   0.0555556  8.7871e-11
         338   0.0555556   0.0555556 7.16402e-11
         339   0.0555556   0.0555556 6.19507e-11
         340   0.0555556   0.0555556 6.18595e-11
         341   0.0555556   0.0555556 3.56622e-11
         342   0.0555556   0.0555556 5.03602e-11
         343   0.0555556   0.0555556           0
         344   0.0555556   0.0555556 5.02135e-11
         345   0.0555556   0.0555556 5.01407e-11
         346   0.0555556   0.0555556 7.08071e-11
         347   0.0555556   0.0555556  7.0705e-11
         348   0.0555556   0.0555556  7.8937e-11
         349   0.0555556   0.0555556 9.32656e-11
         350   0.0555556   0.0555556 9.31323e-11
         351   0.0555556   0.0555556 1.05452e-10
         352   0.0555556   0.0555556 1.05302e-10
         353   0.0555556   0.0555556  1.1625e-10
         354   0.0555556   0.0555556 1.21248e-10
         355   0.0555556   0.0555556 1.21077e-10
         356   0.0555556   0.0555556 1.30594e-10
         357   0.0555556   0.0555556 1.30411e-10
         358   0.0555556   0.0555556 1.39221e-10
         359   0.0555556   0.0555556 1.39027e-10
         360   0.0555556   0.0555556 1.47255e-10
         361   0.0555556   0.0555556 1.55005e-10
         362   0.0555556   0.0555556 1.54791e-10
         363   0.0555556   0.0555556 1.58395e-10
         364   0.0555556   0.0555556 1.58177e-10
         365   0.0555556   0.0555556 1.65311e-10
         366   0.0555556   0.0555556 1.65085e-10
         367   0.0555556   0.0555556 1.71879e-10
         368   0.0555556   0.0555556 1.71645e-10
         369   0.0555556   0.0555556 1.78137e-10
         370   0.0555556   0.0555556  1.8116e-10
         371   0.0555556   0.0555556 1.80916e-10
         372   0.0555556   0.0555556 1.87014e-10
         373   0.0555556   0.0555556 1.86763e-10
         374   0.0555556   0.0555556  1.9263e-10
         375   0.0555556   0.0555556 1.92373e-10
         376   0.0555556   0.0555556  1.9803e-10
         377   0.0555556   0.0555556 1.97767e-10
         378   0.0555556   0.0555556 2.03231e-10
         379   0.0555556   0.0555556 2.02963e-10
         380   0.0555556   0.0555556 2.05492e-10
         381   0.0555556   0.0555556 2.05222e-10
         382   0.0555556   0.0555556 2.10419e-10
         383   0.0555556   0.0555556 2.10145e-10
         384   0.0555556   0.0555556 2.15185e-10
         385   0.0555556   0.0555556 2.14905e-10
         386   0.0555556   0.0555556 2.19799e-10
         387   0.0555556   0.0555556 2.19515e-10
         388   0.0555556   0.0555556 2.21766e-10
         389   0.0555556   0.0555556 2.21481e-10
         390   0.0555556   0.0555556 2.26168e-10
         391   0.0555556   0.0555556 2.25879e-10
         392   0.0555556   0.0555556 2.30443e-10
         393   0.0555556   0.0555556 2.30149e-10
         394   0.0555556   0.0555556 2.29857e-10
         395   0.0555556   0.0555556   2.343e-10
         396   0.0555556   0.0555556 2.34004e-10
         397   0.0555556   0.0555556 2.38337e-10
         398   0.0555556   0.0555556 2.38037e-10
         399   0.0555556   0.0555556 2.40014e-10
         400   0.0555556   0.0555556 2.39714e-10
         401   0.0555556   0.0555556  2.4389e-10
         402   0.0555556   0.0555556 2.43587e-10
         403   0.0555556   0.0555556 2.47668e-10
         404   0.0555556   0.0555556 2.47361e-10
         405   0.0555556   0.0555556 2.47056e-10
         406   0.0555556   0.0555556 2.51043e-10
         407   0.0555556   0.0555556 2.50734e-10
         408   0.0555556   0.0555556  2.5254e-10
         409   0.0555556   0.0555556 2.52231e-10
         410   0.0555556   0.0555556 2.56088e-10
         411   0.0555556   0.0555556 2.55776e-10
         412   0.0555556   0.0555556 2.59553e-10
         413   0.0555556   0.0555556 2.59239e-10
         414   0.0555556   0.0555556 2.58926e-10
         415   0.0555556   0.0555556 2.62623e-10
         416   0.0555556   0.0555556 2.62307e-10
         417   0.0555556   0.0555556 2.65933e-10
         418   0.0555556   0.0555556 2.65614e-10
         419   0.0555556   0.0555556 2.65297e-10
         420   0.0555556   0.0555556 2.66922e-10
         421   0.0555556   0.0555556 2.66605e-10
         422   0.0555556   0.0555556 2.70121e-10
         423   0.0555556   0.0555556 2.69801e-10
         424   0.0555556   0.0555556 2.73252e-10
         425   0.0555556   0.0555556 2.72931e-10
         426   0.0555556   0.0555556  2.7261e-10
         427   0.0555556   0.0555556 2.75995e-10
         428   0.0555556   0.0555556 2.75673e-10
         429   0.0555556   0.0555556 2.77181e-10
         430   0.0555556   0.0555556 2.76858e-10
         431   0.0555556   0.0555556 2.76537e-10
         432   0.0555556   0.0555556 2.79828e-10
         433   0.0555556   0.0555556 2.79504e-10
         434   0.0555556   0.0555556 2.79182e-10
         435   0.0555556   0.0555556 2.82414e-10
         436   0.0555556   0.0555556 2.82089e-10
         437   0.0555556   0.0555556 2.85267e-10
         438   0.0555556   0.0555556 2.84941e-10
         439   0.0555556   0.0555556 2.82876e-10
         440   0.0555556   0.0555556 2.86021e-10
         441   0.0555556   0.0555556 2.85696e-10
         442   0.0555556   0.0555556 2.87087e-10
         443   0.0555556   0.0555556 2.86763e-10
         444   0.0555556   0.0555556  2.8644e-10
         445   0.0555556   0.0555556 2.89504e-10
         446   0.0555556   0.0555556 2.89179e-10
         447   0.0555556   0.0555556 2.88855e-10
         448   0.0555556   0.0555556 2.91869e-10
         449   0.0555556   0.0555556 2.91543e-10
         450   0.0555556   0.0555556 2.91219e-10
         451   0.0555556   0.0555556 2.94183e-10
         452   0.0555556   0.0555556 2.93858e-10
         453   0.0555556   0.0555556 2.95159e-10
         454   0.0555556   0.0555556 2.94834e-10
         455   0.0555556   0.0555556  2.9451e-10
         456   0.0555556   0.0555556 2.97402e-10
         457   0.0555556   0.0555556 2.97077e-10
         458   0.0555556   0.0555556 2.96752e-10
         459   0.0555556   0.0555556 2.99599e-10
         460   0.0555556   0.0555556 2.99273e-10
         461   0.0555556   0.0555556 2.98949e-10
         462   0.0555556   0.0555556 3.01752e-10
         463   0.0555556   0.0555556 3.01426e-10
         464   0.0555556   0.0555556 3.01101e-10
         465   0.0555556   0.0555556 3.03862e-10
         466   0.0555556   0.0555556 3.03536e-10
         467   0.0555556   0.0555556 3.03211e-10
         468   0.0555556   0.0555556 3.04412e-10
         469   0.0555556   0.0555556 3.04088e-10
         470   0.0555556   0.0555556 3.03764e-10
         471   0.0555556   0.0555556 3.06461e-10
         472   0.0555556   0.0555556 3.06136e-10
         473   0.0555556   0.0555556 3.05812e-10
         474   0.0555556   0.0555556  3.0847e-10
         475   0.0555556   0.0555556 3.08145e-10
         476   0.0555556   0.0555556 3.07821e-10
         477   0.0555556   0.0555556 3.10441e-10
         478   0.0555556   0.0555556 3.10116e-10
         479   0.0555556   0.0555556 3.09792e-10
         480   0.0555556   0.0555556 3.10926e-10
         481   0.0555556   0.0555556 3.10602e-10
         482   0.0555556   0.0555556  3.1028e-10
         483   0.0555556   0.0555556 3.09958e-10
         484   0.0555556   0.0555556 3.12518e-10
         485   0.0555556   0.0555556 3.12196e-10
         486   0.0555556   0.0555556 3.11875e-10
         487   0.0555556   0.0555556   3.144e-10
         488   0.0555556   0.0555556 3.14077e-10
         489   0.0555556   0.0555556 3.13756e-10
         490   0.0555556   0.0555556 3.16247e-10
         491   0.0555556   0.0555556 3.15925e-10
         492   0.0555556   0.0555556 3.15603e-10
         493   0.0555556   0.0555556 3.18061e-10
         494   0.0555556   0.0555556 3.17739e-10
         495   0.0555556   0.0555556 3.17418e-10
         496   0.0555556   0.0555556 3.17098e-10
         497   0.0555556   0.0555556 3.18153e-10
         498   0.0555556   0.0555556 3.17833e-10
         499   0.0555556   0.0555556 3.17515e-10
         500   0.0555556   0.0555556  3.1992e-10
