#     BLOCK:   ACTUAL_X:     X_AVE:       ERROR:
           1     0.30303     0.30303           0
           2     0.30303     0.30303 2.63418e-09
           3     0.30303     0.30303 3.04169e-09
           4     0.30303     0.30303 1.86265e-09
           5     0.30303     0.30303 2.35608e-09
           6     0.30303     0.30303 2.63418e-09
           7     0.30303     0.30303 2.81605e-09
           8     0.30303     0.30303 2.28127e-09
           9     0.30303     0.30303 2.48353e-09
          10     0.30303     0.30303           0
          11     0.30303     0.30303           0
          12     0.30303     0.30303  1.0754e-09
          13     0.30303     0.30303 2.06642e-09
          14     0.30303     0.30303 2.22629e-09
          15     0.30303     0.30303 2.35608e-09
          16     0.30303     0.30303 2.28127e-09
          17     0.30303     0.30303 2.21315e-09
          18     0.30303     0.30303  2.1508e-09
          19     0.30303     0.30303 1.91103e-09
          20     0.30303     0.30303 2.20391e-09
          21     0.30303     0.30303  2.2993e-09
          22     0.30303     0.30303 2.10135e-09
          23     0.30303     0.30303 2.05516e-09
          24     0.30303     0.30303  2.1508e-09
          25     0.30303     0.30303   1.666e-09
          26     0.30303     0.30303 1.78957e-09
          27     0.30303     0.30303 1.43386e-09
          28     0.30303     0.30303 1.57422e-09
          29     0.30303     0.30303 1.38354e-09
          30     0.30303     0.30303 1.36028e-09
          31     0.30303     0.30303 6.69082e-10
          32     0.30303     0.30303 6.58545e-10
          33     0.30303     0.30303  6.4849e-10
          34     0.30303     0.30303 6.38882e-10
          35     0.30303     0.30303 6.29689e-10
          36     0.30303     0.30303 6.20882e-10
          37     0.30303     0.30303 1.50015e-09
          38     0.30303     0.30303 1.48028e-09
          39     0.30303     0.30303 1.57825e-09
          40     0.30303     0.30303  1.5584e-09
          41     0.30303     0.30303 1.64556e-09
          42     0.30303     0.30303 1.81776e-09
          43     0.30303     0.30303  1.7043e-09
          44     0.30303     0.30303 1.86265e-09
          45     0.30303     0.30303 1.84183e-09
          46     0.30303     0.30303 1.90271e-09
          47     0.30303     0.30303 1.95922e-09
          48     0.30303     0.30303  1.9387e-09
          49     0.30303     0.30303 1.99125e-09
          50     0.30303     0.30303 1.89953e-09
          51     0.30303     0.30303 1.80703e-09
          52     0.30303     0.30303 1.86265e-09
          53     0.30303     0.30303 1.84499e-09
          54     0.30303     0.30303 1.60311e-09
          55     0.30303     0.30303 1.42077e-09
          56     0.30303     0.30303 1.49344e-09
          57     0.30303     0.30303 1.48028e-09
          58     0.30303     0.30303 1.19818e-09
          59     0.30303     0.30303 1.28317e-09
          60     0.30303     0.30303 9.61866e-10
          61     0.30303     0.30303 1.26196e-09
          62     0.30303     0.30303 1.15888e-09
          63     0.30303     0.30303 1.04948e-09
          64     0.30303     0.30303 1.14063e-09
          65     0.30303     0.30303 9.24131e-10
          66     0.30303     0.30303 9.17103e-10
          67     0.30303     0.30303 4.55117e-10
          68     0.30303     0.30303 9.03516e-10
          69     0.30303     0.30303 6.34236e-10
          70     0.30303     0.30303 6.29689e-10
          71     0.30303     0.30303           0
          72     0.30303     0.30303 6.20882e-10
          73     0.30303     0.30303           0
          74     0.30303     0.30303           0
          75     0.30303     0.30303           0
          76     0.30303     0.30303           0
          77     0.30303     0.30303 4.24536e-10
          78     0.30303     0.30303  7.3059e-10
          79     0.30303     0.30303 4.19128e-10
          80     0.30303     0.30303  5.8902e-10
          81     0.30303     0.30303 5.85373e-10
          82     0.30303     0.30303 8.22779e-10
          83     0.30303     0.30303 5.78277e-10
          84     0.30303     0.30303 7.04014e-10
          85     0.30303     0.30303 8.08129e-10
          86     0.30303     0.30303 6.95779e-10
          87     0.30303     0.30303 7.98786e-10
          88     0.30303     0.30303 5.61609e-10
          89     0.30303     0.30303 9.67254e-10
          90     0.30303     0.30303 6.80142e-10
          91     0.30303     0.30303 6.76394e-10
          92     0.30303     0.30303 8.68463e-10
          93     0.30303     0.30303 8.63781e-10
          94     0.30303     0.30303 9.41178e-10
          95     0.30303     0.30303  8.5464e-10
          96     0.30303     0.30303 8.50177e-10
          97     0.30303     0.30303 1.00074e-09
          98     0.30303     0.30303  9.2177e-10
          99     0.30303     0.30303  5.2949e-10
         100     0.30303     0.30303 5.26836e-10
         101     0.30303     0.30303 5.24221e-10
         102     0.30303     0.30303 3.68859e-10
         103     0.30303     0.30303 7.34128e-10
         104     0.30303     0.30303 6.32709e-10
         105     0.30303     0.30303 7.27102e-10
         106     0.30303     0.30303 8.86304e-10
         107     0.30303     0.30303 8.82153e-10
         108     0.30303     0.30303 8.01555e-10
         109     0.30303     0.30303 8.74022e-10
         110     0.30303     0.30303 1.06558e-09
         111     0.30303     0.30303 1.06077e-09
         112     0.30303     0.30303 1.21939e-09
         113     0.30303     0.30303 1.26355e-09
         114     0.30303     0.30303   1.258e-09
         115     0.30303     0.30303 1.25251e-09
         116     0.30303     0.30303 1.29418e-09
         117     0.30303     0.30303 1.42001e-09
         118     0.30303     0.30303 1.37176e-09
         119     0.30303     0.30303 1.40803e-09
         120     0.30303     0.30303 1.40215e-09
         121     0.30303     0.30303  1.4762e-09
         122     0.30303     0.30303 1.47013e-09
         123     0.30303     0.30303  1.5755e-09
         124     0.30303     0.30303 1.56914e-09
         125     0.30303     0.30303 1.56285e-09
         126     0.30303     0.30303 1.62585e-09
         127     0.30303     0.30303 1.61944e-09
         128     0.30303     0.30303  1.6131e-09
         129     0.30303     0.30303 1.63997e-09
         130     0.30303     0.30303 1.63365e-09
         131     0.30303     0.30303 1.69124e-09
         132     0.30303     0.30303 1.68483e-09
         133     0.30303     0.30303 1.70928e-09
         134     0.30303     0.30303 1.76266e-09
         135     0.30303     0.30303  1.7266e-09
         136     0.30303     0.30303 1.74965e-09
         137     0.30303     0.30303 1.80042e-09
         138     0.30303     0.30303 1.79389e-09
         139     0.30303     0.30303 1.78742e-09
         140     0.30303     0.30303 1.78103e-09
         141     0.30303     0.30303  1.7747e-09
         142     0.30303     0.30303 1.76844e-09
         143     0.30303     0.30303 1.76225e-09
         144     0.30303     0.30303 1.83659e-09
         145     0.30303     0.30303 1.85621e-09
         146     0.30303     0.30303 1.87536e-09
         147     0.30303     0.30303 1.84354e-09
         148     0.30303     0.30303  1.8373e-09
         149     0.30303     0.30303 1.85638e-09
         150     0.30303     0.30303 1.85019e-09
         151     0.30303     0.30303 1.84405e-09
         152     0.30303     0.30303 1.83797e-09
         153     0.30303     0.30303 1.90478e-09
         154     0.30303     0.30303 1.89858e-09
         155     0.30303     0.30303 1.89245e-09
         156     0.30303     0.30303 1.93296e-09
         157     0.30303     0.30303 1.92679e-09
         158     0.30303     0.30303 1.92069e-09
         159     0.30303     0.30303 1.91464e-09
         160     0.30303     0.30303 1.90864e-09
         161     0.30303     0.30303 1.90271e-09
         162     0.30303     0.30303 1.89682e-09
         163     0.30303     0.30303 1.95737e-09
         164     0.30303     0.30303 1.95139e-09
         165     0.30303     0.30303 1.94547e-09
         166     0.30303     0.30303 1.96103e-09
         167     0.30303     0.30303 1.93378e-09
         168     0.30303     0.30303  1.9704e-09
         169     0.30303     0.30303 1.98535e-09
         170     0.30303     0.30303  1.9795e-09
         171     0.30303     0.30303 1.95304e-09
         172     0.30303     0.30303 1.94735e-09
         173     0.30303     0.30303 1.96227e-09
         174     0.30303     0.30303 1.95662e-09
         175     0.30303     0.30303 1.93059e-09
         176     0.30303     0.30303 1.94547e-09
         177     0.30303     0.30303 1.96007e-09
         178     0.30303     0.30303  1.9744e-09
         179     0.30303     0.30303 1.96888e-09
         180     0.30303     0.30303 1.94367e-09
         181     0.30303     0.30303 2.01585e-09
         182     0.30303     0.30303 2.01031e-09
         183     0.30303     0.30303  1.9858e-09
         184     0.30303     0.30303 1.99935e-09
         185     0.30303     0.30303 2.01266e-09
         186     0.30303     0.30303 1.98857e-09
         187     0.30303     0.30303 1.98325e-09
         188     0.30303     0.30303 1.99654e-09
         189     0.30303     0.30303 1.97273e-09
         190     0.30303     0.30303 2.00431e-09
         191     0.30303     0.30303 2.01715e-09
         192     0.30303     0.30303 1.95726e-09
         193     0.30303     0.30303 1.95218e-09
         194     0.30303     0.30303 1.89123e-09
         195     0.30303     0.30303 1.88637e-09
         196     0.30303     0.30303 1.90028e-09
         197     0.30303     0.30303 1.83886e-09
         198     0.30303     0.30303 1.79559e-09
         199     0.30303     0.30303 1.81043e-09
         200     0.30303     0.30303 1.72735e-09
         201     0.30303     0.30303 1.72304e-09
         202     0.30303     0.30303 1.73864e-09
         203     0.30303     0.30303 1.67419e-09
         204     0.30303     0.30303 1.69032e-09
         205     0.30303     0.30303 1.62486e-09
         206     0.30303     0.30303 1.59999e-09
         207     0.30303     0.30303 1.61699e-09
         208     0.30303     0.30303 1.57119e-09
         209     0.30303     0.30303  1.5461e-09
         210     0.30303     0.30303 1.49896e-09
         211     0.30303     0.30303 1.47325e-09
         212     0.30303     0.30303 1.44733e-09
         213     0.30303     0.30303 1.44393e-09
         214     0.30303     0.30303 1.37136e-09
         215     0.30303     0.30303 1.39156e-09
         216     0.30303     0.30303 1.38833e-09
         217     0.30303     0.30303 1.36185e-09
         218     0.30303     0.30303 1.38195e-09
         219     0.30303     0.30303 1.30804e-09
         220     0.30303     0.30303 1.30506e-09
         221     0.30303     0.30303 1.25295e-09
         222     0.30303     0.30303 1.25013e-09
         223     0.30303     0.30303 1.17009e-09
         224     0.30303     0.30303 1.16747e-09
         225     0.30303     0.30303 1.13809e-09
         226     0.30303     0.30303 1.10821e-09
         227     0.30303     0.30303 1.10576e-09
         228     0.30303     0.30303 1.10334e-09
         229     0.30303     0.30303 1.10092e-09
         230     0.30303     0.30303 1.01279e-09
         231     0.30303     0.30303  1.0106e-09
         232     0.30303     0.30303 9.47244e-10
         233     0.30303     0.30303 9.76208e-10
         234     0.30303     0.30303 8.78059e-10
         235     0.30303     0.30303 8.76189e-10
         236     0.30303     0.30303 9.07336e-10
         237     0.30303     0.30303 7.65219e-10
         238     0.30303     0.30303 8.70649e-10
         239     0.30303     0.30303 7.99204e-10
         240     0.30303     0.30303 7.60422e-10
         241     0.30303     0.30303 7.58842e-10
         242     0.30303     0.30303 7.18412e-10
         243     0.30303     0.30303  6.7593e-10
         244     0.30303     0.30303 5.84172e-10
         245     0.30303     0.30303 5.32184e-10
         246     0.30303     0.30303 5.31102e-10
         247     0.30303     0.30303 4.74069e-10
         248     0.30303     0.30303 4.09727e-10
         249     0.30303     0.30303 5.27892e-10
         250     0.30303     0.30303 4.71216e-10
         251     0.30303     0.30303 4.07271e-10
         252     0.30303     0.30303 2.34671e-10
         253     0.30303     0.30303 2.34207e-10
         254     0.30303     0.30303           0
         255     0.30303     0.30303 2.33287e-10
         256     0.30303     0.30303 2.32831e-10
         257     0.30303     0.30303 3.28631e-10
         258     0.30303     0.30303 4.01708e-10
         259     0.30303     0.30303 4.00932e-10
         260     0.30303     0.30303  3.2673e-10
         261     0.30303     0.30303 3.99393e-10
         262     0.30303     0.30303 4.60298e-10
         263     0.30303     0.30303 3.97872e-10
         264     0.30303     0.30303 5.61609e-10
         265     0.30303     0.30303 6.05461e-10
         266     0.30303     0.30303 5.59493e-10
         267     0.30303     0.30303 6.44836e-10
         268     0.30303     0.30303 6.82675e-10
         269     0.30303     0.30303 6.42435e-10
         270     0.30303     0.30303 7.51925e-10
         271     0.30303     0.30303  6.4006e-10
         272     0.30303     0.30303 7.49156e-10
         273     0.30303     0.30303 7.47782e-10
         274     0.30303     0.30303 7.46416e-10
         275     0.30303     0.30303 7.45058e-10
         276     0.30303     0.30303 8.08495e-10
         277     0.30303     0.30303 8.07034e-10
         278     0.30303     0.30303 8.05581e-10
         279     0.30303     0.30303 9.19565e-10
         280     0.30303     0.30303 8.90515e-10
         281     0.30303     0.30303 8.88929e-10
         282     0.30303     0.30303 8.87351e-10
         283     0.30303     0.30303 8.85782e-10
         284     0.30303     0.30303 8.84221e-10
         285     0.30303     0.30303 9.36211e-10
         286     0.30303     0.30303 9.34573e-10
         287     0.30303     0.30303 9.32944e-10
         288     0.30303     0.30303   9.817e-10
         289     0.30303     0.30303     9.8e-10
         290     0.30303     0.30303 9.78309e-10
         291     0.30303     0.30303 1.00074e-09
         292     0.30303     0.30303 1.09003e-09
         293     0.30303     0.30303 1.04373e-09
         294     0.30303     0.30303 1.06437e-09
         295     0.30303     0.30303 1.12702e-09
         296     0.30303     0.30303 1.14576e-09
         297     0.30303     0.30303 1.14383e-09
         298     0.30303     0.30303 1.22075e-09
         299     0.30303     0.30303 1.21871e-09
         300     0.30303     0.30303 1.23554e-09
         301     0.30303     0.30303 1.23348e-09
         302     0.30303     0.30303 1.30394e-09
         303     0.30303     0.30303 1.31926e-09
         304     0.30303     0.30303 1.26403e-09
         305     0.30303     0.30303 1.33212e-09
         306     0.30303     0.30303 1.32994e-09
         307     0.30303     0.30303 1.34469e-09
         308     0.30303     0.30303  1.3425e-09
         309     0.30303     0.30303 1.40575e-09
         310     0.30303     0.30303 1.40348e-09
         311     0.30303     0.30303 1.41705e-09
         312     0.30303     0.30303 1.41478e-09
         313     0.30303     0.30303 1.45884e-09
         314     0.30303     0.30303 1.47161e-09
         315     0.30303     0.30303 1.43898e-09
         316     0.30303     0.30303 1.48184e-09
         317     0.30303     0.30303  1.4795e-09
         318     0.30303     0.30303 1.49187e-09
         319     0.30303     0.30303 1.48953e-09
         320     0.30303     0.30303 1.54442e-09
         321     0.30303     0.30303 1.55597e-09
         322     0.30303     0.30303 1.55355e-09
         323     0.30303     0.30303 1.56493e-09
         324     0.30303     0.30303 1.58969e-09
         325     0.30303     0.30303 1.60064e-09
         326     0.30303     0.30303 1.61145e-09
         327     0.30303     0.30303 1.58239e-09
         328     0.30303     0.30303 1.61964e-09
         329     0.30303     0.30303 1.61718e-09
         330     0.30303     0.30303 1.61473e-09
         331     0.30303     0.30303 1.63808e-09
         332     0.30303     0.30303 1.67351e-09
         333     0.30303     0.30303   1.671e-09
         334     0.30303     0.30303  1.6809e-09
         335     0.30303     0.30303 1.67839e-09
         336     0.30303     0.30303 1.71246e-09
         337     0.30303     0.30303 1.72191e-09
         338     0.30303     0.30303 1.69532e-09
         339     0.30303     0.30303 1.70486e-09
         340     0.30303     0.30303 1.72616e-09
         341     0.30303     0.30303 1.72363e-09
         342     0.30303     0.30303 1.74453e-09
         343     0.30303     0.30303 1.74198e-09
         344     0.30303     0.30303  1.7739e-09
         345     0.30303     0.30303 1.78264e-09
         346     0.30303     0.30303 1.78006e-09
         347     0.30303     0.30303  1.7775e-09
         348     0.30303     0.30303 1.78614e-09
         349     0.30303     0.30303 1.79469e-09
         350     0.30303     0.30303 1.79213e-09
         351     0.30303     0.30303 1.80058e-09
         352     0.30303     0.30303 1.81982e-09
         353     0.30303     0.30303 1.81724e-09
         354     0.30303     0.30303 1.82544e-09
         355     0.30303     0.30303 1.82287e-09
         356     0.30303     0.30303  1.8416e-09
         357     0.30303     0.30303 1.86003e-09
         358     0.30303     0.30303 1.85743e-09
         359     0.30303     0.30303 1.86524e-09
         360     0.30303     0.30303 1.84183e-09
         361     0.30303     0.30303 1.86006e-09
         362     0.30303     0.30303 1.86778e-09
         363     0.30303     0.30303 1.86521e-09
         364     0.30303     0.30303 1.86265e-09
         365     0.30303     0.30303 1.87028e-09
         366     0.30303     0.30303 1.89794e-09
         367     0.30303     0.30303 1.91519e-09
         368     0.30303     0.30303 1.91259e-09
         369     0.30303     0.30303    1.91e-09
         370     0.30303     0.30303 1.91722e-09
         371     0.30303     0.30303 1.91464e-09
         372     0.30303     0.30303 1.91206e-09
         373     0.30303     0.30303 1.91921e-09
         374     0.30303     0.30303 1.91665e-09
         375     0.30303     0.30303 1.93333e-09
         376     0.30303     0.30303 1.94029e-09
         377     0.30303     0.30303 1.93771e-09
         378     0.30303     0.30303 1.93515e-09
         379     0.30303     0.30303 1.95145e-09
         380     0.30303     0.30303 1.97679e-09
         381     0.30303     0.30303 1.97419e-09
         382     0.30303     0.30303 1.95309e-09
         383     0.30303     0.30303 1.95054e-09
         384     0.30303     0.30303 1.97563e-09
         385     0.30303     0.30303 1.95471e-09
         386     0.30303     0.30303 1.95218e-09
         387     0.30303     0.30303 1.93117e-09
         388     0.30303     0.30303 1.92868e-09
         389     0.30303     0.30303 1.90759e-09
         390     0.30303     0.30303 1.91446e-09
         391     0.30303     0.30303 1.90271e-09
         392     0.30303     0.30303 1.90028e-09
         393     0.30303     0.30303 1.87916e-09
         394     0.30303     0.30303 1.87677e-09
         395     0.30303     0.30303 1.85556e-09
         396     0.30303     0.30303 1.85321e-09
         397     0.30303     0.30303 1.85088e-09
         398     0.30303     0.30303  1.8391e-09
         399     0.30303     0.30303 1.83679e-09
         400     0.30303     0.30303  1.8059e-09
         401     0.30303     0.30303 1.82274e-09
         402     0.30303     0.30303  1.8014e-09
         403     0.30303     0.30303 1.79917e-09
         404     0.30303     0.30303 1.76803e-09
         405     0.30303     0.30303 1.77552e-09
         406     0.30303     0.30303 1.77334e-09
         407     0.30303     0.30303  1.7518e-09
         408     0.30303     0.30303 1.74965e-09
         409     0.30303     0.30303 1.73777e-09
         410     0.30303     0.30303 1.73565e-09
         411     0.30303     0.30303 1.70407e-09
         412     0.30303     0.30303 1.72168e-09
         413     0.30303     0.30303  1.7196e-09
         414     0.30303     0.30303 1.69789e-09
         415     0.30303     0.30303 1.69584e-09
         416     0.30303     0.30303 1.67399e-09
         417     0.30303     0.30303 1.67198e-09
         418     0.30303     0.30303 1.64998e-09
         419     0.30303     0.30303 1.64801e-09
         420     0.30303     0.30303 1.64605e-09
         421     0.30303     0.30303 1.63404e-09
         422     0.30303     0.30303  1.6321e-09
         423     0.30303     0.30303 1.60992e-09
         424     0.30303     0.30303 1.61816e-09
         425     0.30303     0.30303 1.61626e-09
         426     0.30303     0.30303 1.59405e-09
         427     0.30303     0.30303 1.59218e-09
         428     0.30303     0.30303 1.55944e-09
         429     0.30303     0.30303 1.56797e-09
         430     0.30303     0.30303 1.56615e-09
         431     0.30303     0.30303 1.54361e-09
         432     0.30303     0.30303 1.54182e-09
         433     0.30303     0.30303 1.55041e-09
         434     0.30303     0.30303 1.52784e-09
         435     0.30303     0.30303 1.52608e-09
         436     0.30303     0.30303  1.5033e-09
         437     0.30303     0.30303 1.51212e-09
         438     0.30303     0.30303 1.51039e-09
         439     0.30303     0.30303 1.48757e-09
         440     0.30303     0.30303 1.48588e-09
         441     0.30303     0.30303 1.48419e-09
         442     0.30303     0.30303 1.46118e-09
         443     0.30303     0.30303 1.45953e-09
         444     0.30303     0.30303 1.43628e-09
         445     0.30303     0.30303 1.43467e-09
         446     0.30303     0.30303 1.45461e-09
         447     0.30303     0.30303 1.42057e-09
         448     0.30303     0.30303 1.41898e-09
         449     0.30303     0.30303  1.4174e-09
         450     0.30303     0.30303 1.39388e-09
         451     0.30303     0.30303 1.40334e-09
         452     0.30303     0.30303 1.40178e-09
         453     0.30303     0.30303 1.36702e-09
         454     0.30303     0.30303 1.36552e-09
         455     0.30303     0.30303 1.36402e-09
         456     0.30303     0.30303  1.3513e-09
         457     0.30303     0.30303 1.36103e-09
         458     0.30303     0.30303 1.35954e-09
         459     0.30303     0.30303 1.33561e-09
         460     0.30303     0.30303 1.33416e-09
         461     0.30303     0.30303 1.30993e-09
         462     0.30303     0.30303 1.30851e-09
         463     0.30303     0.30303 1.30709e-09
         464     0.30303     0.30303 1.28257e-09
         465     0.30303     0.30303 1.28119e-09
         466     0.30303     0.30303 1.27982e-09
         467     0.30303     0.30303 1.25499e-09
         468     0.30303     0.30303 1.26542e-09
         469     0.30303     0.30303 1.26407e-09
         470     0.30303     0.30303 1.26272e-09
         471     0.30303     0.30303  1.2378e-09
         472     0.30303     0.30303 1.24832e-09
         473     0.30303     0.30303   1.247e-09
         474     0.30303     0.30303 1.20992e-09
         475     0.30303     0.30303 1.20864e-09
         476     0.30303     0.30303 1.20737e-09
         477     0.30303     0.30303 1.18174e-09
         478     0.30303     0.30303 1.19274e-09
         479     0.30303     0.30303 1.20359e-09
         480     0.30303     0.30303 1.17804e-09
         481     0.30303     0.30303 1.17682e-09
         482     0.30303     0.30303 1.17559e-09
         483     0.30303     0.30303 1.14965e-09
         484     0.30303     0.30303 1.14846e-09
         485     0.30303     0.30303 1.14728e-09
         486     0.30303     0.30303  1.1209e-09
         487     0.30303     0.30303 1.11975e-09
         488     0.30303     0.30303  1.1186e-09
         489     0.30303     0.30303 1.13009e-09
         490     0.30303     0.30303 1.10356e-09
         491     0.30303     0.30303 1.10244e-09
         492     0.30303     0.30303 1.10132e-09
         493     0.30303     0.30303 1.07431e-09
         494     0.30303     0.30303 1.07322e-09
         495     0.30303     0.30303 1.07213e-09
         496     0.30303     0.30303 1.08404e-09
         497     0.30303     0.30303 1.04355e-09
         498     0.30303     0.30303  1.0425e-09
         499     0.30303     0.30303 1.04146e-09
         500     0.30303     0.30303 1.01339e-09
