1 0.844889 0.830259 -0.190915 0.0158351
0.98 0.887145 0.782806 -0.168508 0.0176032
0.9604 0.908408 0.749757 -0.160784 0.0214544
0.941192 0.923579 0.74566 -0.136956 0.0233847
0.922368 0.916895 0.752033 -0.126792 0.0209352
0.903921 0.94662 0.782127 -0.0654972 0.0257195
0.885842 0.918238 0.790991 -0.104107 0.0200307
0.868126 0.903753 0.747908 -0.134617 0.0213163
0.850763 0.920972 0.79192 -0.0942949 0.022101
0.833748 0.884494 0.805885 -0.125227 0.0198948
0.817073 0.86394 0.756442 -0.223832 0.0148343
0.800731 0.819578 0.798728 -0.256984 0.011878
0.784717 0.837354 0.839951 -0.217813 0.0141894
0.769022 0.851367 0.887675 -0.121315 0.0204176
0.753642 0.835707 0.911269 -0.052503 0.0214917
0.738569 0.813872 0.914876 -0.110375 0.0206814
0.723798 0.822029 0.910656 -0.116985 0.021116
0.709322 0.781046 0.926332 -0.187399 0.0156948
0.695135 0.790154 0.956515 -0.0715666 0.0204966
0.681233 0.763592 0.977411 -0.12135 0.0208361
0.667608 0.795394 0.940936 -0.0928335 0.0232276
0.654256 0.820726 0.931687 -0.0724805 0.0191855
0.641171 0.798565 0.949234 -0.105002 0.0203964
0.628347 0.778137 0.977714 -0.0690336 0.0190444
0.61578 0.768569 0.982649 -0.079883 0.0174334
0.603465 0.765524 0.990213 -0.0667793 0.0204973
0.591395 0.75233 0.958912 -0.157449 0.0158146
0.579568 0.707101 1.00491 -0.148899 0.0135232
0.567976 0.676525 1.04182 -0.146702 0.0118945
0.556617 0.667491 1.01354 -0.213897 0.00983441
0.545484 0.63236 1.02078 -0.237747 0.00859531
0.534575 0.636606 0.973182 -0.316689 0.00837935
0.523883 0.652682 0.923264 -0.366092 0.00733808
0.513405 0.680597 0.89421 -0.375985 0.00728219
0.503137 0.688833 0.876349 -0.376648 0.00713766
0.493075 0.689099 0.839507 -0.399901 0.00711451
0.483213 0.693642 0.858711 -0.38068 0.00695338
0.473549 0.670107 0.871468 -0.404061 0.00575665
0.464078 0.68451 0.90685 -0.346876 0.00883362
0.454796 0.660722 0.893343 -0.377001 0.00599324
0.4457 0.662265 0.891342 -0.381465 0.00776543
0.436786 0.690084 0.925337 -0.330932 0.00981604
0.428051 0.728066 0.876286 -0.319853 0.0103549
0.41949 0.71199 0.834444 -0.379628 0.00627419
0.4111 0.699059 0.865678 -0.371856 0.00984249
0.402878 0.73195 0.883254 -0.320101 0.0106502
0.39482 0.749328 0.892105 -0.271888 0.0120965
0.386924 0.794277 0.893023 -0.17229 0.0143223
0.379185 0.781463 0.845688 -0.28427 0.0115889
0.371602 0.796945 0.851319 -0.239757 0.0147788
0.36417 0.839459 0.868369 -0.154464 0.0160146
0.356886 0.852788 0.83154 -0.154909 0.0188835
0.349749 0.898602 0.824706 -0.0954676 0.0178719
0.342754 0.896706 0.776387 -0.127196 0.021246
0.335899 0.871037 0.755842 -0.21713 0.0168015
0.329181 0.880979 0.718351 -0.235417 0.013203
0.322597 0.845593 0.725672 -0.272577 0.0128675
0.316145 0.806938 0.724304 -0.31877 0.00905606
0.309822 0.759581 0.719427 -0.360135 0.00654945
0.303626 0.728157 0.725552 -0.384391 0.00481142
0.297553 0.755934 0.763092 -0.350778 0.00721179
0.291602 0.768783 0.810493 -0.318853 0.00987828
0.28577 0.79259 0.858882 -0.221158 0.0187595
0.280055 0.748897 0.846354 -0.310079 0.0102136
0.274454 0.714383 0.857003 -0.375293 0.00817634
0.268964 0.681751 0.853184 -0.409964 0.00471024
0.263585 0.70792 0.90266 -0.324316 0.00950829
0.258313 0.714545 0.891574 -0.339524 0.00884457
0.253147 0.664612 0.884462 -0.391372 0.00601073
0.248084 0.66828 0.915691 -0.365373 0.00836432
0.243123 0.654146 0.89153 -0.390229 0.00668976
0.23826 0.675644 0.892954 -0.377706 0.00621478
0.233495 0.657851 0.911022 -0.376064 0.00660005
0.228825 0.652121 0.866104 -0.415463 0.00510478
0.224249 0.671534 0.826099 -0.421858 0.00451764
0.219764 0.672461 0.813206 -0.424343 0.0041109
0.215368 0.710621 0.803983 -0.39354 0.00628522
0.211061 0.710621 0.803983 -0.39354 0.00628522
0.20684 0.704179 0.768869 -0.393566 0.00591454
0.202703 0.670143 0.810629 -0.413853 0.00746001
0.198649 0.665254 0.846651 -0.410752 0.00731181
0.194676 0.644751 0.866406 -0.417972 0.00512505
0.190782 0.635663 0.850153 -0.427134 0.0039941
0.186967 0.614274 0.863139 -0.428733 0.00384936
0.183227 0.593225 0.880638 -0.414019 0.00327626
0.179563 0.585345 0.832285 -0.429048 0.00244467
0.175972 0.554873 0.785434 -0.413018 0.00272634
0.172452 0.539529 0.811495 -0.39199 0.00375484
0.169003 0.542386 0.805825 -0.389316 0.00304135
0.165623 0.584976 0.799449 -0.437111 0.00200675
0.162311 0.550405 0.778407 -0.401065 0.00292443
0.159064 0.589045 0.810979 -0.435878 0.00244583
0.155883 0.621443 0.800103 -0.446407 0.00216255
0.152765 0.656042 0.841161 -0.433402 0.00386345
0.14971 0.690198 0.820171 -0.403415 0.00685154
0.146716 0.702742 0.794602 -0.395177 0.00666159
0.143782 0.655627 0.76354 -0.431562 0.00313522
0.140906 0.637778 0.771478 -0.429614 0.0034053
0.138088 0.661044 0.743819 -0.427404 0.00304675
0.135326 0.69327 0.788844 -0.409328 0.00502251
0.13262 0.653022 0.767579 -0.427723 0.00365297
0.129967 0.68423 0.738432 -0.40919 0.00451169
0.127368 0.68423 0.738432 -0.40919 0.00451169
0.12482 0.697608 0.736634 -0.408236 0.00418098
0.122324 0.725295 0.767171 -0.386632 0.00608039
0.119878 0.730681 0.730655 -0.37428 0.0062299
0.11748 0.713967 0.736924 -0.402024 0.00442512
0.11513 0.709157 0.771005 -0.390077 0.00544274
0.112828 0.716592 0.741106 -0.392343 0.00590309
0.110571 0.675587 0.786785 -0.427347 0.00312602
0.10836 0.683797 0.802644 -0.41821 0.00475598
0.106193 0.660704 0.77645 -0.43231 0.0041424
0.104069 0.652919 0.750976 -0.424699 0.00251014
0.101987 0.654847 0.799906 -0.440715 0.00342371
0.0999477 0.67136 0.808913 -0.426327 0.00408902
0.0979487 0.63543 0.804542 -0.441736 0.0025582
0.0959897 0.597957 0.837353 -0.444214 0.00199535
0.0940699 0.639906 0.866005 -0.418233 0.00510415
0.0921885 0.68662 0.836968 -0.401313 0.00672373
0.0903448 0.68662 0.836968 -0.401313 0.00672373
0.0885379 0.72167 0.826448 -0.373419 0.00840197
0.0867671 0.762014 0.875037 -0.29817 0.0111884
0.0850318 0.754116 0.864543 -0.284307 0.0121601
0.0833311 0.717365 0.87902 -0.329 0.0115223
0.0816645 0.696809 0.89087 -0.361356 0.00929395
0.0800312 0.651165 0.89695 -0.38781 0.00650852
0.0784306 0.651165 0.89695 -0.38781 0.00650852
0.076862 0.6367 0.848809 -0.428318 0.00370483
0.0753247 0.643005 0.857976 -0.421203 0.00459563
0.0738183 0.643005 0.857976 -0.421203 0.00459563
0.0723419 0.643005 0.857976 -0.421203 0.00459563
0.0708951 0.673236 0.878966 -0.377749 0.0100426
0.0694771 0.670693 0.837846 -0.412081 0.0060114
0.0680876 0.642581 0.854925 -0.422031 0.0052596
0.0667259 0.602945 0.87188 -0.427558 0.00363002
0.0653913 0.634051 0.858277 -0.428899 0.00396673
0.0640835 0.586993 0.845016 -0.429322 0.00275666
0.0628018 0.571012 0.806975 -0.423222 0.00235039
0.0615458 0.560058 0.825459 -0.415052 0.00253168
0.0603149 0.578802 0.827049 -0.432788 0.00229582
0.0591086 0.625286 0.862075 -0.439355 0.00307027
0.0579264 0.625286 0.862075 -0.439355 0.00307027
0.0567679 0.625286 0.862075 -0.439355 0.00307027
0.0556325 0.654306 0.879669 -0.401684 0.00570083
0.0545199 0.648826 0.908283 -0.38422 0.00647686
0.0534295 0.668309 0.872668 -0.404468 0.0059118
0.0523609 0.683769 0.825407 -0.405516 0.00784687
0.0513137 0.644807 0.835238 -0.43841 0.00380805
0.0502874 0.644807 0.835238 -0.43841 0.00380805
0.0492817 0.599601 0.866347 -0.424239 0.00281717
0.048296 0.610124 0.90761 -0.397411 0.00484016
0.0473301 0.607329 0.875154 -0.415977 0.00332569
0.0463835 0.561925 0.888691 -0.383739 0.00305433
0.0454558 0.555644 0.89054 -0.376679 0.00304099
0.0445467 0.555644 0.89054 -0.376679 0.00304099
0.0436558 0.594993 0.846732 -0.431403 0.00233551
0.0427827 0.577628 0.865115 -0.411919 0.00262771
0.041927 0.58473 0.896319 -0.400618 0.00324905
0.0410885 0.622622 0.858122 -0.43944 0.00293357
0.0402667 0.622622 0.858122 -0.43944 0.00293357
0.0394614 0.65589 0.838093 -0.425151 0.00548075
0.0386721 0.625 0.791582 -0.444641 0.00277928
0.0378987 0.619425 0.780175 -0.441366 0.00331317
0.0371407 0.65528 0.810322 -0.431784 0.00469722
0.0363979 0.625612 0.775461 -0.445365 0.00222262
0.0356699 0.625612 0.775461 -0.445365 0.00222262
0.0349566 0.614323 0.787353 -0.442554 0.00227116
0.0342574 0.599858 0.756755 -0.436266 0.00217078
0.0335723 0.599858 0.756755 -0.436266 0.00217078
0.0329008 0.638325 0.778438 -0.442368 0.00259701
0.0322428 0.619002 0.75558 -0.439913 0.00216376
0.031598 0.632631 0.718894 -0.421774 0.00256438
0.030966 0.632631 0.718894 -0.421774 0.00256438
0.0303467 0.632631 0.718894 -0.421774 0.00256438
0.0297397 0.632631 0.718894 -0.421774 0.00256438
0.0291449 0.598772 0.736204 -0.426696 0.00225451
0.028562 0.560029 0.778842 -0.41711 0.00278876
0.0279908 0.584152 0.828143 -0.431482 0.00218828
0.027431 0.602037 0.853421 -0.429341 0.00346132
0.0268824 0.602037 0.853421 -0.429341 0.00346132
0.0263447 0.602037 0.853421 -0.429341 0.00346132
0.0258178 0.634239 0.834945 -0.437791 0.00320877
0.0253015 0.591531 0.7942 -0.441984 0.00195796
0.0247954 0.57019 0.784429 -0.427807 0.00256482
0.0242995 0.555098 0.819647 -0.412404 0.00229565
0.0238135 0.555098 0.819647 -0.412404 0.00229565
0.0233373 0.555098 0.819647 -0.412404 0.00229565
0.0228705 0.569576 0.846313 -0.414444 0.00216238
0.0224131 0.565264 0.844524 -0.411484 0.00274957
0.0219649 0.556436 0.866029 -0.388378 0.00289754
0.0215256 0.598633 0.852522 -0.434383 0.00297977
0.021095 0.609229 0.879595 -0.41722 0.00329439
0.0206731 0.609229 0.879595 -0.41722 0.00329439
0.0202597 0.629847 0.837445 -0.434735 0.00437208
0.0198545 0.609212 0.792056 -0.443651 0.00217821
0.0194574 0.602959 0.832635 -0.440909 0.0021803
0.0190682 0.602959 0.832635 -0.440909 0.0021803
0.0186869 0.602959 0.832635 -0.440909 0.0021803
0.0183131 0.602959 0.832635 -0.440909 0.0021803
0.0179469 0.602959 0.832635 -0.440909 0.0021803
0.0175879 0.632129 0.830773 -0.441452 0.00331297
0.0172362 0.621859 0.869222 -0.430529 0.00340473
0.0168915 0.621859 0.869222 -0.430529 0.00340473
0.0165536 0.617968 0.830967 -0.439021 0.0033696
0.0162226 0.584256 0.832278 -0.435199 0.00185185
0.0158981 0.584256 0.832278 -0.435199 0.00185185
0.0155801 0.575854 0.850362 -0.422957 0.00222226
0.0152685 0.575854 0.850362 -0.422957 0.00222226
0.0149632 0.575854 0.850362 -0.422957 0.00222226
0.0146639 0.575854 0.850362 -0.422957 0.00222226
0.0143706 0.592258 0.856315 -0.428723 0.0021956
0.0140832 0.626664 0.821381 -0.446701 0.00301192
0.0138016 0.626664 0.821381 -0.446701 0.00301192
0.0135255 0.626664 0.821381 -0.446701 0.00301192
0.013255 0.602906 0.83252 -0.442442 0.00228526
0.0129899 0.57048 0.872691 -0.404252 0.00247412
0.0127301 0.57048 0.872691 -0.404252 0.00247412
0.0124755 0.600255 0.836653 -0.436382 0.00201722
0.012226 0.617782 0.834842 -0.434626 0.00380022
0.0119815 0.617782 0.834842 -0.434626 0.00380022
0.0117419 0.623052 0.791129 -0.443218 0.00237303
0.011507 0.623052 0.791129 -0.443218 0.00237303
0.0112769 0.583964 0.822435 -0.4331 0.0020212
0.0110513 0.583964 0.822435 -0.4331 0.0020212
0.0108303 0.569398 0.826585 -0.418802 0.00232814
0.0106137 0.569398 0.826585 -0.418802 0.00232814
0.0104014 0.569398 0.826585 -0.418802 0.00232814
0.0101934 0.585566 0.818785 -0.434561 0.00209937
