#     BLOCK:   ACTUAL_M:     M_AVE:       ERROR:
         0.5           1    0.133846    0.133846           0
         0.5           2    0.709893    0.421869    0.203663
         0.5           3    0.832046    0.558595    0.175777
         0.5           4    0.284261    0.490012    0.144595
         0.5           5  -0.0200759    0.387994    0.147333
         0.5           6   -0.124585    0.302564    0.145452
         0.5           7  -0.0780315    0.248193    0.134451
         0.5           8    0.182948    0.240038    0.117892
         0.5           9    0.426417    0.260747    0.106596
         0.5          10    0.385059    0.273178   0.0966588
         0.5          11   -0.482672    0.204464    0.109607
         0.5          12    0.227117    0.206352     0.10049
         0.5          13    0.256589    0.210216   0.0928339
         0.5          14    0.434791    0.226257   0.0875778
         0.5          15    0.170907    0.222567    0.081817
         0.5          16    0.102717    0.215077   0.0770456
         0.5          17     0.38402    0.225014   0.0731516
         0.5          18   -0.219754    0.200305   0.0731419
         0.5          19   -0.304894    0.173716   0.0739676
         0.5          20   -0.547474    0.137656   0.0785687
         0.5          21   0.0243611    0.132261   0.0750123
         0.5          22    -0.19023    0.117603   0.0730209
         0.5          23   -0.114848    0.107496    0.070542
         0.5          24   0.0418315     0.10476   0.0676558
         0.5          25   0.0701796    0.103377   0.0649637
         0.5          26   -0.538467   0.0786905   0.0669915
         0.5          27   -0.345241   0.0629893   0.0663248
         0.5          28  -0.0286352    0.059717   0.0640367
         0.5          29   -0.304133   0.0471704   0.0630457
         0.5          30    0.261424   0.0543122   0.0613474
         0.5          31    0.466244   0.0676004   0.0607905
         0.5          32   0.0606926   0.0673845   0.0588912
         0.5          33     0.47867   0.0798477   0.0584105
         0.5          34    0.191043   0.0831181   0.0567841
         0.5          35   -0.419354   0.0687618   0.0569476
         0.5          36    0.646311   0.0848048   0.0575811
         0.5          37 -0.00695741   0.0823248   0.0560783
         0.5          38    0.895119    0.103714   0.0585397
         0.5          39   -0.368306    0.091611   0.0582764
         0.5          40   0.0495093   0.0905585    0.056829
         0.5          41   -0.217535    0.083044   0.0559376
         0.5          42  -0.0875389   0.0789825    0.054753
         0.5          43     0.26713    0.083358   0.0536542
         0.5          44    0.144506   0.0847477   0.0524528
         0.5          45   -0.262067   0.0770407   0.0518503
         0.5          46    0.169513    0.079051    0.050762
         0.5          47    -0.04805   0.0763467    0.049754
         0.5          48   -0.231519   0.0699329   0.0491291
         0.5          49    0.213089   0.0728544   0.0482133
         0.5          50   -0.263689   0.0661236   0.0477165
         0.5          51  -0.0718074    0.063419   0.0468575
         0.5          52    0.301657   0.0680005   0.0461798
         0.5          53     0.61165   0.0782581   0.0464337
         0.5          54  -0.0763593   0.0753948    0.045662
         0.5          55    -0.16762   0.0709763   0.0450451
         0.5          56   -0.308806   0.0641945   0.0447483
         0.5          57    -0.18198   0.0598757   0.0441712
         0.5          58    0.216365   0.0625738   0.0434919
         0.5          59   -0.172785   0.0585846   0.0429373
         0.5          60   -0.375017   0.0513579   0.0428256
         0.5          61    0.150315   0.0529802   0.0421542
         0.5          62    0.482763   0.0599122   0.0420404
         0.5          63     0.55222   0.0677266   0.0420931
         0.5          64  -0.0873352   0.0653037   0.0415051
         0.5          65  -0.0607889   0.0633638   0.0409118
         0.5          66   -0.466917   0.0553293   0.0410733
         0.5          67     0.22597   0.0578762   0.0405392
         0.5          68   -0.114539   0.0553407   0.0400222
         0.5          69    0.127204   0.0563822   0.0394557
         0.5          70   -0.274783   0.0516512   0.0391747
         0.5          71   0.0232907   0.0512518    0.038625
         0.5          72    0.153624   0.0526736   0.0381147
         0.5          73    0.047813    0.052607   0.0375926
         0.5          74   0.0299074   0.0523003   0.0370859
         0.5          75    0.280607   0.0553444   0.0367161
         0.5          76   -0.412254   0.0491918   0.0367449
         0.5          77    0.420728   0.0540169   0.0365831
         0.5          78    0.391817   0.0583477   0.0363695
         0.5          79   0.0605944   0.0583761   0.0359092
         0.5          80    0.230367    0.060526   0.0355246
         0.5          81   0.0865407   0.0608472   0.0350875
         0.5          82    0.414957   0.0651656   0.0349243
         0.5          83    0.576565    0.071327   0.0350428
         0.5          84   -0.112369   0.0691402   0.0346938
         0.5          85    -0.59362    0.061343   0.0351509
         0.5          86   -0.612622   0.0535062   0.0356051
         0.5          87     0.20753   0.0552766   0.0352398
         0.5          88    -0.11758   0.0533123   0.0348941
         0.5          89    0.503017   0.0583651   0.0348659
         0.5          90    0.295294   0.0609977   0.0345778
         0.5          91    0.364831   0.0643365   0.0343586
         0.5          92    0.200761   0.0658194   0.0340171
         0.5          93    0.682243   0.0724476    0.034291
         0.5          94    0.394043   0.0758688   0.0340965
         0.5          95    0.110963   0.0762382   0.0337396
         0.5          96   0.0888185   0.0763693   0.0333884
         0.5          97   -0.211561   0.0734009   0.0331758
         0.5          98    0.437013   0.0771113   0.0330441
         0.5          99   -0.243876    0.073869    0.032869
         0.5         100    -0.38822   0.0692481   0.0328636
         0.6           1  -0.0945315  -0.0945315           0
         0.6           2   -0.169089    -0.13181     0.02636
         0.6           3    -0.26273    -0.17545   0.0397296
         0.6           4   0.0503185   -0.119008   0.0572465
         0.6           5   0.0577426  -0.0836578   0.0556515
         0.6           6  -0.0024463  -0.0701225    0.047994
         0.6           7   -0.186602  -0.0867624   0.0439277
         0.6           8    0.146885  -0.0575565   0.0471566
         0.6           9    0.166437  -0.0326683   0.0480378
         0.6          10   0.0692667  -0.0224748   0.0443023
         0.6          11    -0.24482   -0.042688   0.0446486
         0.6          12   0.0501185  -0.0349542   0.0415923
         0.6          13   -0.176728  -0.0458598    0.039797
         0.6          14   -0.139709  -0.0525634   0.0375147
         0.6          15  -0.0387685  -0.0516437    0.035025
         0.6          16     0.13608   -0.039911   0.0347455
         0.6          17 -0.00429444  -0.0378159   0.0327647
         0.6          18   0.0997389   -0.030174   0.0318232
         0.6          19  -0.0288537  -0.0301045   0.0301484
         0.6          20    -0.29405  -0.0433018   0.0313969
         0.6          21    0.171772  -0.0330601    0.031528
         0.6          22   0.0047963  -0.0313394   0.0301418
         0.6          23  -0.0469704   -0.032019   0.0288389
         0.6          24    0.232928  -0.0209796   0.0296751
         0.6          25  -0.0169444  -0.0208181   0.0284886
         0.6          26  -0.0537611  -0.0220852    0.027421
         0.6          27   0.0810241  -0.0182663     0.02667
         0.6          28   0.0015537  -0.0175585   0.0257269
         0.6          29    0.207424 -0.00980045   0.0259832
         0.6          30   0.0676296 -0.00721944   0.0252449
         0.6          31  0.00937963 -0.00668399   0.0244363
         0.6          32   -0.233196  -0.0137625   0.0246766
         0.6          33    0.029363  -0.0124557   0.0239634
         0.6          34   0.0514519   -0.010576   0.0233322
         0.6          35  -0.0434407   -0.011515   0.0226844
         0.6          36  -0.0647444  -0.0129936   0.0221024
         0.6          37  -0.0046037  -0.0127669   0.0215062
         0.6          38   -0.111452  -0.0153638   0.0210965
         0.6          39  -0.0901537  -0.0172815   0.0206425
         0.6          40   -0.228402  -0.0225595   0.0207903
         0.6          41   -0.100657  -0.0244644   0.0203703
         0.6          42   0.0244296  -0.0233002   0.0199185
         0.6          43   0.0358333   -0.021925   0.0195027
         0.6          44  -0.0570222  -0.0227227   0.0190758
         0.6          45   -0.135081  -0.0252195   0.0188146
         0.6          46 -0.00115185  -0.0246963   0.0184128
         0.6          47   -0.193744  -0.0282931    0.018369
         0.6          48  -0.0454907  -0.0286514   0.0179898
         0.6          49    0.204491  -0.0238934    0.018241
         0.6          50   0.0694093  -0.0220273   0.0179714
         0.6          51   0.0912796  -0.0198056   0.0177558
         0.6          52  -0.0428315  -0.0202484   0.0174199
         0.6          53   -0.114209  -0.0220213   0.0171812
         0.6          54    -0.26075  -0.0264422   0.0174225
         0.6          55  -0.0495796  -0.0268629   0.0171108
         0.6          56   0.0665056  -0.0251956   0.0168863
         0.6          57  -0.0933444  -0.0263912   0.0166323
         0.6          58  -0.0327315  -0.0265005   0.0163459
         0.6          59     0.10708  -0.0242364   0.0162249
         0.6          60     0.06605  -0.0227316   0.0160241
         0.6          61    -0.18238  -0.0253488   0.0159737
         0.6          62   0.0495981    -0.02414   0.0157617
         0.6          63    0.318617  -0.0186994   0.0164237
         0.6          64    0.151137  -0.0160457   0.0163801
         0.6          65  -0.0786333  -0.0170086   0.0161564
         0.6          66      0.1087  -0.0151039   0.0160234
         0.6          67    0.116824  -0.0131349   0.0159048
         0.6          68  -0.0137648  -0.0131441   0.0156709
         0.6          69    0.186485  -0.0102509   0.0157086
         0.6          70    0.145907 -0.00802011   0.0156418
         0.6          71    0.077787 -0.00681155   0.0154681
         0.6          72    0.148239 -0.00465808   0.0154025
         0.6          73   0.0667463 -0.00367993   0.0152225
         0.6          74   -0.215946  -0.0065484   0.0152846
         0.6          75   0.0447315 -0.00586467   0.0150961
         0.6          76  -0.0985278 -0.00708392   0.0149467
         0.6          77   0.0110352 -0.00684861   0.0147544
         0.6          78   0.0824852  -0.0057033   0.0146096
         0.6          79 -0.00863889 -0.00574046   0.0144247
         0.6          80   -0.154146 -0.00759553   0.0143632
         0.6          81  -0.0268111 -0.00783276   0.0141879
         0.6          82    0.111433  -0.0063783   0.0140892
         0.6          83   0.0918296 -0.00519507    0.013969
         0.6          84  -0.0371426  -0.0055754   0.0138079
         0.6          85    0.174454 -0.00345741    0.013807
         0.6          86  -0.0405519 -0.00388874   0.0136531
         0.6          87   -0.146335 -0.00552605    0.013594
         0.6          88   -0.260072 -0.00841862   0.0137439
         0.6          89    0.172865 -0.00638173   0.0137395
         0.6          90  -0.0564389 -0.00693792   0.0135981
         0.6          91    0.140015 -0.00532306   0.0135442
         0.6          92      0.1312 -0.00383911   0.0134781
         0.6          93   0.0748944 -0.00299251   0.0133597
         0.6          94    0.016187 -0.00278848   0.0132191
         0.6          95   0.0609315 -0.00211774    0.013097
         0.6          96    0.153119-0.000500694     0.01306
         0.6          97   -0.193298  -0.0024883   0.0130757
         0.6          98   0.0102519  -0.0023583    0.012943
         0.6          99   -0.166417 -0.00401545   0.0129179
         0.6         100   -0.101835 -0.00499365   0.0128257
         0.7           1    0.054563    0.054563           0
         0.7           2  -0.0764056  -0.0109213   0.0463044
         0.7           3   0.0398463  0.00600123   0.0338208
         0.7           4  0.00303333  0.00525926   0.0253737
         0.7           5  -0.0996852  -0.0157296   0.0276491
         0.7           6  -0.0544741   -0.022187   0.0237831
         0.7           7   -0.105669   -0.034113   0.0231836
         0.7           8    0.133667  -0.0131405     0.02822
         0.7           9    0.165311  0.00668745   0.0312841
         0.7          10   0.0226074  0.00827944   0.0281962
         0.7          11  -0.0574815  0.00230118    0.026259
         0.7          12   0.0451926  0.00587546   0.0243128
         0.7          13  -0.0761037-0.000430627    0.023246
         0.7          14   0.0667222  0.00436601   0.0220749
         0.7          15    0.154681    0.014387   0.0227645
         0.7          16  -0.0397704   0.0110022   0.0215919
         0.7          17   0.0330889   0.0123014   0.0203608
         0.7          18   0.0627278   0.0151029   0.0194214
         0.7          19    0.140748   0.0217158   0.0194926
         0.7          20   0.0245148   0.0218557   0.0185185
         0.7          21   -0.107502   0.0156959    0.018633
         0.7          22   0.0252185   0.0161287    0.017791
         0.7          23  -0.0151963   0.0147667   0.0170696
         0.7          24   0.0631167   0.0167813   0.0164768
         0.7          25  -0.0153037   0.0154979   0.0158676
         0.7          26   -0.032713   0.0136437   0.0153653
         0.7          27    0.134006   0.0181015   0.0154293
         0.7          28   -0.038263   0.0160885    0.015009
         0.7          29  -0.0246852   0.0146825   0.0145572
         0.7          30   0.0708611   0.0165551   0.0141919
         0.7          31   0.0461111   0.0175085   0.0137661
         0.7          32   0.0282944   0.0178456     0.01334
         0.7          33 -0.00648519   0.0171083   0.0129561
         0.7          34   -0.062613   0.0147636   0.0127855
         0.7          35   0.0351481    0.015346   0.0124334
         0.7          36     0.13862   0.0187703   0.0125507
         0.7          37    0.081213   0.0204579   0.0123245
         0.7          38   0.0567815   0.0214138   0.0120372
         0.7          39   0.0690685   0.0226357   0.0117904
         0.7          40   0.0226685   0.0226365   0.0114956
         0.7          41   0.0342519   0.0229198   0.0112187
         0.7          42   0.0403019   0.0233337   0.0109592
         0.7          43      0.0496   0.0239445   0.0107214
         0.7          44  -0.0608278   0.0220179   0.0106494
         0.7          45   0.0652463   0.0229785    0.010456
         0.7          46   0.0590574   0.0237628   0.0102581
         0.7          47  -0.0367704   0.0224749   0.0101203
         0.7          48  0.00077963   0.0220229  0.00991959
         0.7          49  -0.0201426   0.0211624   0.0097544
         0.7          50   0.0157704   0.0210546  0.00955991
         0.7          51   0.0835944   0.0222808  0.00945078
         0.7          52   0.0130574   0.0221035   0.0092707
         0.7          53 -0.00663333   0.0215613  0.00911162
         0.7          54 -0.00804074   0.0210131  0.00895936
         0.7          55   0.0567444   0.0216627  0.00881999
         0.7          56    0.123972   0.0234897  0.00884968
         0.7          57     0.05425   0.0240293  0.00871086
         0.7          58   0.0518463   0.0245089  0.00857387
         0.7          59   0.0379407   0.0247366  0.00843157
         0.7          60   -0.209631   0.0208305  0.00915123
         0.7          61   0.0706259   0.0216468  0.00903755
         0.7          62  -0.0511056   0.0204734  0.00896763
         0.7          63   0.0130722   0.0203559  0.00882606
         0.7          64   0.0290944   0.0204924  0.00868921
         0.7          65  -0.0106019    0.020014  0.00856869
         0.7          66   0.0372167   0.0202747  0.00844282
         0.7          67    0.111785   0.0216405  0.00842656
         0.7          68  -0.0994741   0.0198594  0.00848879
         0.7          69    0.105293   0.0210976  0.00845558
         0.7          70  -0.0696722   0.0198009  0.00843363
         0.7          71  -0.0139444   0.0193256  0.00832823
         0.7          72    0.118685   0.0207056   0.0083261
         0.7          73   0.0197074   0.0206919  0.00821206
         0.7          74   0.0248019   0.0207474  0.00810127
         0.7          75   0.0091037   0.0205922  0.00799474
         0.7          76  -0.0262074   0.0199764  0.00791323
         0.7          77   -0.108828   0.0183036  0.00798531
         0.7          78 -0.00913333   0.0179519  0.00789068
         0.7          79  -0.0880278   0.0166104  0.00790401
         0.7          80   0.0442278   0.0169556  0.00781274
         0.7          81  -0.0300926   0.0163747  0.00773785
         0.7          82  -0.0445167   0.0156322  0.00767904
         0.7          83   -0.130133   0.0138759  0.00778475
         0.7          84  -0.0202722   0.0134694  0.00770268
         0.7          85    0.138567   0.0149412  0.00775139
         0.7          86   0.0424852   0.0152614  0.00766787
         0.7          87 -0.00948333    0.014977  0.00758501
         0.7          88   0.0344648   0.0151985  0.00750205
         0.7          89   0.0978815   0.0161275  0.00747505
         0.7          90   0.0205815    0.016177  0.00739216
         0.7          91  -0.0328296   0.0156384  0.00733052
         0.7          92   0.0144111   0.0156251  0.00725085
         0.7          93   0.0239148   0.0157142  0.00717343
         0.7          94  -0.0346574   0.0151784  0.00711711
         0.7          95   0.0340352   0.0153769  0.00704496
         0.7          96   0.0965093    0.016222  0.00702208
         0.7          97   -0.051813   0.0155206  0.00698463
         0.7          98   -0.110019   0.0142396  0.00702985
         0.7          99   0.0339148   0.0144383  0.00696165
         0.7         100   -0.026237   0.0140316  0.00690391
         0.8           1   0.0235907   0.0235907           0
         0.8           2 -0.00247963   0.0105556  0.00921727
         0.8           3 -0.00763148  0.00449321  0.00789053
         0.8           4 0.000661111  0.00353519  0.00597577
         0.8           5   0.0150259  0.00583333   0.0052038
         0.8           6   0.0345074   0.0106123  0.00615123
         0.8           7   0.0464426    0.015731  0.00708917
         0.8           8   0.0181704   0.0160359  0.00620958
         0.8           9  0.00772593   0.0151126  0.00558785
         0.8          10   0.0286519   0.0164665   0.0051905
         0.8          11     0.00465   0.0153923  0.00482852
         0.8          12  -0.0428741   0.0105367   0.0064189
         0.8          13  -0.0104296  0.00892393   0.0061244
         0.8          14    0.106998   0.0159292  0.00882668
         0.8          15  -0.0862537  0.00911704   0.0105442
         0.8          16    0.100135   0.0148057   0.0113162
         0.8          17  0.00463148   0.0142072   0.0106663
         0.8          18  -0.0491389    0.010688   0.0106385
         0.8          19    0.100326   0.0154058   0.0110754
         0.8          20  0.00392222   0.0148316   0.0105365
         0.8          21  0.00787963   0.0145005   0.0100399
         0.8          22    0.103107   0.0185281     0.01036
         0.8          23  -0.0356537   0.0161724   0.0101738
         0.8          24  -0.0350148   0.0140396  0.00997097
         0.8          25    0.032913   0.0147945  0.00960067
         0.8          26   -0.040563   0.0126654  0.00946456
         0.8          27   0.0322167   0.0133895  0.00914168
         0.8          28  -0.0252685   0.0120089  0.00891884
         0.8          29   0.0237759   0.0124146  0.00862052
         0.8          30  -0.0221519   0.0112624  0.00840982
         0.8          31   0.0553296   0.0126839   0.0082578
         0.8          32  -0.0834444  0.00967992  0.00852866
         0.8          33  0.00771481  0.00962037  0.00827042
         0.8          34   0.0790667   0.0116629  0.00827555
         0.8          35   0.0257074   0.0120642  0.00804883
         0.8          36 -0.00124259   0.0116945  0.00783373
         0.8          37    0.053963   0.0128369  0.00770486
         0.8          38  -0.0120648   0.0121816  0.00752991
         0.8          39-0.000846296   0.0118476  0.00734425
         0.8          40      0.0321   0.0123539  0.00717807
         0.8          41  -0.0150778   0.0116848  0.00703411
         0.8          42   0.0316611   0.0121604  0.00688269
         0.8          43   0.0399037   0.0128056   0.0067528
         0.8          44   -0.025237    0.011941  0.00665445
         0.8          45  0.00246481   0.0117305   0.0065099
         0.8          46   0.0223556   0.0119614  0.00637248
         0.8          47 -0.00339259   0.0116348  0.00624526
         0.8          48  -0.0161056   0.0110568  0.00614184
         0.8          49   0.0324167   0.0114927  0.00603194
         0.8          50  -0.0254667   0.0107536  0.00595642
         0.8          51   0.0382407   0.0112925  0.00586396
         0.8          52   0.0598407   0.0122261  0.00582504
         0.8          53   0.0581852   0.0130933  0.00577932
         0.8          54  -0.0141093   0.0125895  0.00569421
         0.8          55   0.0304463   0.0129142  0.00559993
         0.8          56     0.03735   0.0133506   0.0055169
         0.8          57  -0.0019963   0.0130813  0.00542668
         0.8          58  -0.0117667   0.0126529     0.00535
         0.8          59   0.0563907   0.0133942  0.00531043
         0.8          60  -0.0225074   0.0127959  0.00525553
         0.8          61     -0.0129   0.0123746  0.00518623
         0.8          62   0.0615259   0.0131674  0.00516281
         0.8          63  -0.0164556   0.0126972  0.00510223
         0.8          64   0.0186426   0.0127901  0.00502335
         0.8          65  -0.0220537    0.012254  0.00497459
         0.8          66  -0.0250056   0.0116895  0.00493115
         0.8          67  -0.0127148   0.0113252  0.00487098
         0.8          68  -0.0148407   0.0109404  0.00481453
         0.8          69  -0.0600315  0.00991186  0.00485338
         0.8          70   0.0105407  0.00992085  0.00478405
         0.8          71 -0.00324815  0.00973537  0.00472027
         0.8          72  -0.0432852  0.00899897   0.0047118
         0.8          73  0.00807778  0.00898635  0.00464727
         0.8          74   0.0325389  0.00930463  0.00459536
         0.8          75  -0.0275444  0.00881331  0.00456027
         0.8          76   0.0468556  0.00931386  0.00452766
         0.8          77    0.070213   0.0101048  0.00453741
         0.8          78  -0.0458667  0.00938718  0.00453563
         0.8          79   0.0710241   0.0101674  0.00454482
         0.8          80 -0.00227778   0.0100118  0.00449067
         0.8          81  -0.0421463   0.0093679  0.00448116
         0.8          82  0.00299815  0.00929022  0.00442719
         0.8          83  -0.0570352  0.00849112  0.00444538
         0.8          84  -0.0457111  0.00784586  0.00443905
         0.8          85  -0.0461296  0.00721085  0.00443201
         0.8          86   -0.032987  0.00674343  0.00440505
         0.8          87   -0.069713  0.00586462  0.00444121
         0.8          88   0.0612759   0.0064943  0.00443516
         0.8          89 -0.00625741  0.00635102  0.00438764
         0.8          90  -0.0337037  0.00590597   0.0043614
         0.8          91  -0.0106574  0.00572395  0.00431727
         0.8          92   0.0210111  0.00589012  0.00427354
         0.8          93  -0.0441148  0.00535243  0.00426128
         0.8          94  0.00849444  0.00538586  0.00421608
         0.8          95   -0.056387  0.00473561  0.00422154
         0.8          96  -0.0253241  0.00442249  0.00418916
         0.8          97    0.114954  0.00556199  0.00429816
         0.8          98  0.00653333   0.0055719  0.00425431
         0.8          99  -0.0694593  0.00481401  0.00427832
         0.8         100  0.00107407  0.00477661   0.0042357
         0.9           1   0.0394852   0.0394852           0
         0.9           2   0.0295407    0.034513  0.00351589
         0.9           3  0.00327222   0.0240994  0.00881981
         0.9           4  0.00630926   0.0196519  0.00765453
         0.9           5   0.0278963   0.0213007  0.00629871
         0.9           6  0.00376852   0.0183787  0.00588783
         0.9           7  -0.0265056   0.0119667  0.00779166
         0.9           8    -0.02875  0.00687708  0.00831547
         0.9           9   0.0124611  0.00749753  0.00741464
         0.9          10  0.00798704  0.00754648  0.00667333
         0.9          11   0.0151074  0.00823384  0.00610196
         0.9          12  -0.0415519  0.00408503   0.0068604
         0.9          13 0.000274074  0.00379188  0.00633894
         0.9          14  -0.0253907  0.00170741  0.00621945
         0.9          15 -0.00451111  0.00129284  0.00581862
         0.9          16-0.000942593  0.00115312  0.00545663
         0.9          17  0.00757407  0.00153083  0.00514871
         0.9          18  0.00430185  0.00168477  0.00486497
         0.9          19    -0.01265 0.000930312  0.00466705
         0.9          20   0.0140407  0.00158583   0.0044795
         0.9          21  -0.0355259-0.000181393   0.0046016
         0.9          22    0.035987  0.00146263  0.00467691
         0.9          23  -0.0251926 0.000303704  0.00461492
         0.9          24  -0.0277407-0.000864815  0.00456817
         0.9          25   0.0186056    -8.6e-05  0.00445134
         0.9          26 -0.00421296-0.000244729  0.00428296
         0.9          27  -0.0151759-0.000797737  0.00415988
         0.9          28 -0.00547778-0.000964881  0.00401467
         0.9          29   0.0079037-0.000659068  0.00388787
         0.9          30  -0.0393815 -0.00194981  0.00396675
         0.9          31 -0.00653519 -0.00209773  0.00384155
         0.9          32   0.0526352-0.000387326  0.00408456
         0.9          33   0.0183704 0.000181089  0.00400014
         0.9          34    0.028887  0.00102538  0.00397059
         0.9          35  -0.0377704-8.30688e-05  0.00400888
         0.9          36  -0.0537259 -0.00157315  0.00416525
         0.9          37    -0.02785 -0.00228333  0.00411278
         0.9          38   0.0109778 -0.00193436  0.00401932
         0.9          39 -0.00920741 -0.00212085  0.00392059
         0.9          40  -0.0256426 -0.00270889  0.00386642
         0.9          41  -0.0218426 -0.00317556  0.00380018
         0.9          42   0.0422241 -0.00209462  0.00386037
         0.9          43   0.0128241 -0.00174767  0.00378616
         0.9          44   0.0275537 -0.00108173  0.00375822
         0.9          45   0.0247852-0.000506914   0.0037184
         0.9          46 -0.00435556 -0.00059058  0.00363851
         0.9          47   0.0144259 -0.00027108  0.00357509
         0.9          48  -0.0121463 -0.00051848  0.00350916
         0.9          49  -0.0309778  -0.0011401  0.00349217
         0.9          50   0.0337926-0.000441444  0.00349151
         0.9          51  -0.0100222-0.000629303   0.0034281
         0.9          52  -0.0117093-0.000842379  0.00336879
         0.9          53  -0.0315444 -0.00142166  0.00335467
         0.9          54  0.00896667 -0.00122929  0.00329805
         0.9          55 -0.00136667 -0.00123178  0.00323809
         0.9          56  -0.0153833 -0.00148449  0.00319011
         0.9          57  -0.0282667 -0.00195435  0.00316856
         0.9          58  0.00995556 -0.00174901  0.00312058
         0.9          59 -0.00214815 -0.00175578  0.00306769
         0.9          60   0.0145667 -0.00148373   0.0030286
         0.9          61  -0.0660685  -0.0025425   0.0031586
         0.9          62   0.0128407 -0.00229438  0.00311739
         0.9          63   0.0349407 -0.00170335  0.00312343
         0.9          64 -0.00219815 -0.00171108  0.00307464
         0.9          65 -0.00521481 -0.00176499  0.00302781
         0.9          66  -0.0464333 -0.00244178  0.00305663
         0.9          67  -0.0169722 -0.00265865   0.0030187
         0.9          68 -0.00533519 -0.00269801  0.00297456
         0.9          69 0.000725926 -0.00264839  0.00293187
         0.9          70 -0.00716481 -0.00271291  0.00289069
         0.9          71   0.0253537 -0.00231761  0.00287688
         0.9          72   0.0114741 -0.00212605  0.00284329
         0.9          73      -0.002 -0.00212433  0.00280434
         0.9          74  -0.0162519 -0.00231524  0.00277294
         0.9          75  -0.0150185 -0.00248462  0.00274113
         0.9          76   0.0656278  -0.0015884  0.00284781
         0.9          77  0.00774259 -0.00146722   0.0028134
         0.9          78 -0.00742963 -0.00154366  0.00277837
         0.9          79  -0.0151556 -0.00171596  0.00274854
         0.9          80   0.0192093  -0.0014544   0.0027266
         0.9          81  0.00520741 -0.00137215  0.00269418
         0.9          82  0.00196481 -0.00133146  0.00266163
         0.9          83  -0.0153852 -0.00150078  0.00263494
         0.9          84   0.0109815 -0.00135218  0.00260776
         0.9          85  0.00765741 -0.00124619  0.00257923
         0.9          86  -0.0179907 -0.00144089  0.00255658
         0.9          87    0.011587 -0.00129115  0.00253158
         0.9          88    0.037463-0.000850758  0.00254083
         0.9          89 -0.00682778-0.000917915  0.00251316
         0.9          90   0.0307315-0.000566255  0.00250972
         0.9          91   0.0226259-0.000311396  0.00249505
         0.9          92  0.00553889-0.000247806  0.00246874
         0.9          93   0.0174204-5.78256e-05  0.00244949
         0.9          94   0.0311019  0.00027366  0.00244576
         0.9          95  -0.0330722-7.73489e-05  0.00244508
         0.9          96  0.00872778 1.43711e-05  0.00242133
         0.9          97    0.018687 0.000206873    0.002404
         0.9          98  -0.0162944 3.84921e-05  0.00238536
         0.9          99 -0.00348148 2.93678e-06  0.00236153
         0.9         100 -0.00576852-5.47778e-05  0.00233862
           1           1  0.00716852  0.00716852           0
           1           2  -0.0177222 -0.00527685  0.00880021
           1           3  -0.0125778 -0.00771049  0.00619417
           1           4   -0.016237 -0.00984213  0.00499898
           1           5  -0.0257426  -0.0130222  0.00490753
           1           6  -0.0239907  -0.0148503  0.00441699
           1           7  -0.0207093  -0.0156873  0.00386448
           1           8  -0.0167259  -0.0158171   0.0033836
           1           9  0.00805185   -0.013165  0.00391128
           1          10   0.0185648 -0.00999204  0.00463168
           1          11  -0.0387093  -0.0126027  0.00489135
           1          12  -0.0320167  -0.0142205  0.00474375
           1          13  -0.0249019  -0.0150422  0.00444943
           1          14  -0.0247259  -0.0157339  0.00418503
           1          15  0.00999815  -0.0140184  0.00424308
           1          16  -0.0121519  -0.0139017  0.00397949
           1          17   0.0079463  -0.0126166  0.00394748
           1          18  -0.0135815  -0.0126702  0.00372854
           1          19  0.00867963  -0.0115465  0.00369774
           1          20   -0.010787  -0.0115085  0.00351305
           1          21  -0.0143019  -0.0116415  0.00334828
           1          22  -0.0255352  -0.0122731   0.0032551
           1          23  0.00326481  -0.0115975   0.0031829
           1          24 -0.00867407  -0.0114757  0.00305261
           1          25   0.0116944  -0.0105489  0.00306798
           1          26  -0.0257167  -0.0111323  0.00300493
           1          27   0.0172389  -0.0100815  0.00307187
           1          28  -0.0336444   -0.010923  0.00307527
           1          29   -0.041737  -0.0119856  0.00314744
           1          30  0.00097963  -0.0115534  0.00307205
           1          31  -0.0070537  -0.0114082  0.00297638
           1          32  0.00277593   -0.010965  0.00291619
           1          33   0.0317556 -0.00967043  0.00310188
           1          34 -0.00640741 -0.00957446  0.00301213
           1          35  -0.0215444 -0.00991646  0.00294543
           1          36  0.00557963 -0.00948601  0.00289489
           1          37  0.00918333 -0.00898143  0.00286029
           1          38  -0.0162111 -0.00917169  0.00279134
           1          39   -0.025287  -0.0095849  0.00275018
           1          40   0.0237889 -0.00875056  0.00280513
           1          41     0.03095 -0.00778225  0.00289902
           1          42  -0.0379296 -0.00850004  0.00291751
           1          43  0.00504259  -0.0081851  0.00286661
           1          44   0.0223593 -0.00749091  0.00288429
           1          45  -0.0171519  -0.0077056  0.00282817
           1          46 -0.00781667 -0.00770801  0.00276669
           1          47   -0.014113 -0.00784429  0.00271118
           1          48 -0.00865185 -0.00786111  0.00265475
           1          49 -0.00611667 -0.00782551  0.00260081
           1          50  -0.0281167 -0.00823133  0.00258026
           1          51   0.0206963 -0.00766412  0.00259126
           1          52  -0.0148407 -0.00780214   0.0025451
           1          53  -0.0303519  -0.0082276  0.00253239
           1          54  0.00107593 -0.00805532  0.00249135
           1          55  0.00111481 -0.00788859  0.00245163
           1          56 -0.00143889 -0.00777341  0.00241055
           1          57  -0.0216185 -0.00801631  0.00238047
           1          58  -0.0194907 -0.00821414  0.00234763
           1          59  -0.0288204  -0.0085634  0.00233368
           1          60  -0.0197444 -0.00874975  0.00230221
           1          61  0.00702778 -0.00849111  0.00227895
           1          62   0.0488167 -0.00756679   0.0024224
           1          63  0.00983333 -0.00729059  0.00239964
           1          64 -0.00521111  -0.0072581  0.00236237
           1          65  -0.0320944  -0.0076402  0.00235672
           1          66  -0.0170796 -0.00778322  0.00232535
           1          67    -0.01335 -0.00786631  0.00229213
           1          68  -0.0160611 -0.00798682  0.00226158
           1          69 -0.00781296  -0.0079843  0.00222881
           1          70   0.0359241 -0.00735704  0.00228353
           1          71   0.0183463 -0.00699502  0.00227988
           1          72  0.00993704 -0.00675985  0.00226032
           1          73    -0.00865 -0.00678574   0.0022295
           1          74  0.00153519  -0.0066733  0.00220221
           1          75   0.0306593 -0.00617553  0.00222839
           1          76   0.0122444 -0.00593316  0.00221221
           1          77  -0.0100537 -0.00598668  0.00218413
           1          78   -0.038037 -0.00639758  0.00219444
           1          79 -0.00270926 -0.00635089  0.00216715
           1          80  0.00290926 -0.00623514  0.00214315
           1          81  -0.0257944 -0.00647661  0.00213026
           1          82   0.0233204 -0.00611323  0.00213504
           1          83   -0.011863 -0.00618251  0.00211044
           1          84  -0.0189241 -0.00633419  0.00209076
           1          85  0.00213704 -0.00623453  0.00206854
           1          86   0.0319111 -0.00579098   0.0020915
           1          87  -0.0315759 -0.00608736  0.00208836
           1          88  -0.0372981 -0.00644202  0.00209453
           1          89  0.00277222 -0.00633849  0.00207355
           1          90-0.000231481 -0.00627064  0.00205162
           1          91  0.00306667 -0.00616803  0.00203164
           1          92   0.0162278  -0.0059246  0.00202409
           1          93   0.0314148  -0.0055231  0.00204175
           1          94  0.00678704 -0.00539214  0.00202423
           1          95  -0.0176556 -0.00552123  0.00200703
           1          96  -0.0187981 -0.00565953  0.00199089
           1          97  0.00558704 -0.00554359  0.00197373
           1          98 -0.00157778 -0.00550312  0.00195401
           1          99  0.00875556 -0.00535909  0.00193957
           1         100   0.0401741 -0.00490376   0.0019729
         1.1           1  -0.0294093  -0.0294093           0
         1.1           2  0.00371481  -0.0128472   0.0117111
         1.1           3   -0.028987  -0.0182272  0.00895833
         1.1           4   0.0131611  -0.0103801  0.00955635
         1.1           5  0.00150926 -0.00800222  0.00793541
         1.1           6   0.0102944 -0.00495278  0.00717488
         1.1           7  0.00574815 -0.00342407  0.00631065
         1.1           8  0.00828704 -0.00196019  0.00568908
         1.1           9  0.00764815-0.000892593  0.00515616
         1.1          10   0.0217222  0.00136889  0.00511248
         1.1          11   0.0107574  0.00222239  0.00471842
         1.1          12  -0.0162537 0.000682716  0.00456952
         1.1          13  -0.0168815-0.000668376  0.00441325
         1.1          14  -0.0136759 -0.00159749  0.00419468
         1.1          15   -0.020237 -0.00284012  0.00409496
         1.1          16 -0.00629259  -0.0030559   0.0038447
         1.1          17  0.00319815 -0.00268802   0.0036361
         1.1          18  -0.0167944 -0.00347171  0.00351754
         1.1          19 -0.00550741 -0.00357885  0.00333403
         1.1          20  0.00290926 -0.00325444  0.00318308
         1.1          21  -0.0160519 -0.00386384  0.00308929
         1.1          22  -0.0126796 -0.00426456  0.00297474
         1.1          23  -0.0151685 -0.00473865  0.00288293
         1.1          24  -0.0213037 -0.00542886  0.00284423
         1.1          25  -0.0187259 -0.00596074  0.00277975
         1.1          26 -0.00978704 -0.00610791  0.00267673
         1.1          27  -0.0134852 -0.00638114   0.0025915
         1.1          28   0.0192352 -0.00546627  0.00265553
         1.1          29 -0.00286481 -0.00537656  0.00256547
         1.1          30  0.00120741  -0.0051571  0.00248933
         1.1          31  -0.0124352 -0.00539188  0.00242007
         1.1          32   0.0133056 -0.00480758  0.00241395
         1.1          33     0.01865 -0.00409675  0.00244322
         1.1          34   0.0517296 -0.00245479  0.00287055
         1.1          35 -0.00317593  -0.0024754  0.00278861
         1.1          36  0.00991296 -0.00213128   0.0027323
         1.1          37   -0.012087 -0.00240035  0.00267167
         1.1          38 -0.00991852  -0.0025982  0.00260868
         1.1          39 -0.00706111 -0.00271263  0.00254429
         1.1          40 0.000940741  -0.0026213  0.00248233
         1.1          41  0.00216852 -0.00250447  0.00242453
         1.1          42 -0.00967963 -0.00267531  0.00237281
         1.1          43  0.00557963 -0.00248333  0.00232538
         1.1          44  -0.0148333 -0.00276402  0.00228941
         1.1          45-0.000194444 -0.00270691  0.00223925
         1.1          46   0.0169704 -0.00227915  0.00223105
         1.1          47   0.0112444 -0.00199141  0.00220206
         1.1          48  0.00245741 -0.00189873  0.00215813
         1.1          49   0.0194148 -0.00146376  0.00215748
         1.1          50 -0.00986296 -0.00163174  0.00212086
         1.1          51 0.000103704 -0.00159771  0.00207955
         1.1          52  0.00313148 -0.00150677  0.00204154
         1.1          53  -0.0144667 -0.00175129  0.00201761
         1.1          54  -0.0107481  -0.0019179  0.00198712
         1.1          55   0.0196204  -0.0015263   0.0019892
         1.1          56 0.000794444 -0.00148485  0.00195411
         1.1          57   0.0148463 -0.00119834  0.00194072
         1.1          58  -0.0189204  -0.0015039  0.00193116
         1.1          59  0.00210926 -0.00144266   0.0018994
         1.1          60  0.00077037 -0.00140577   0.0018681
         1.1          61 0.000227778 -0.00137899  0.00183767
         1.1          62 -0.00737963 -0.00147578  0.00181058
         1.1          63  0.00468333 -0.00137801  0.00178448
         1.1          64   0.0517611-0.000547714  0.00194017
         1.1          65    0.013663-0.000329088   0.0019226
         1.1          66 -0.00431111-0.000389422  0.00189441
         1.1          67   0.0129481-0.000190354  0.00187657
         1.1          68 -0.00273519-0.000227778  0.00184934
         1.1          69       0.006 -0.00013752  0.00182474
         1.1          70  -0.0282815-0.000539577  0.00184244
         1.1          71  -0.0162222-0.000760459  0.00182968
         1.1          72  0.00329259-0.000704167  0.00180513
         1.1          73 -0.00859815-0.000812303  0.00178364
         1.1          74  0.00799074-0.000693343   0.0017635
         1.1          75   0.0055037-0.000610716  0.00174192
         1.1          76  0.00818148-0.000495029  0.00172284
         1.1          77 -0.00198704-0.000514406  0.00170057
         1.1          78  0.00932037-0.000388319  0.00168344
         1.1          79  -0.0180278-0.000611603  0.00167687
         1.1          80  0.00911111-0.000490069  0.00166031
         1.1          81 -0.00487222 -0.00054417  0.00164069
         1.1          82   0.0135074-0.000372809  0.00162961
         1.1          83 -0.00683333-0.000450647  0.00161183
         1.1          84  0.00997407-0.000326543  0.00159741
         1.1          85  -0.0201907 -0.00056024  0.00159562
         1.1          86  0.00967407-0.000441236   0.0015815
         1.1          87 0.000816667-0.000426777  0.00156339
         1.1          88  -0.0266833-0.000725147  0.00157384
         1.1          89  -0.0123704-0.000855993  0.00156158
         1.1          90 0.000740741-0.000838251  0.00154433
         1.1          91  -0.0249241 -0.00110293  0.00154988
         1.1          92  0.00668333  -0.0010183  0.00153534
         1.1          93  0.00232037-0.000982397  0.00151925
         1.1          94  -0.0146981 -0.00112831  0.00151008
         1.1          95  0.00564444 -0.00105702  0.00149587
         1.1          96  0.00200926 -0.00102508  0.00148063
         1.1          97 -0.00647778 -0.00108129  0.00146643
         1.1          98-0.000733333 -0.00107774  0.00145147
         1.1          99  0.00919815-0.000973943  0.00144051
         1.1         100  -0.0163296  -0.0011275  0.00143427
         1.2           1  -0.0148852  -0.0148852           0
         1.2           2     -0.0044 -0.00964259  0.00370707
         1.2           3  -0.0131278  -0.0108043  0.00264716
         1.2           4 -0.00170185  -0.0085287  0.00279741
         1.2           5 0.000601852 -0.00670259  0.00277057
         1.2           6  -0.0104815 -0.00733241  0.00237932
         1.2           7  0.00433333 -0.00566587   0.0025573
         1.2           8   0.0189463 -0.00258935  0.00364539
         1.2           9   0.0176722-0.000338066  0.00387363
         1.2          10  0.00679074 0.000374815  0.00355126
         1.2          11  -0.0251481 -0.00194545  0.00391368
         1.2          12 0.000872222 -0.00171065  0.00359458
         1.2          13  0.00168704 -0.00144929  0.00332756
         1.2          14 -0.00896667 -0.00198624   0.0031329
         1.2          15  0.00630926 -0.00143321  0.00297245
         1.2          16 -0.00151111 -0.00143808  0.00278668
         1.2          17  0.00396667 -0.00112015  0.00264083
         1.2          18 -0.00193519 -0.00116543   0.0024945
         1.2          19 -0.00744815  -0.0014961  0.00238503
         1.2          20  -0.0048037 -0.00166148  0.00227151
         1.2          21  0.00754815 -0.00122293  0.00220527
         1.2          22  0.00415926-0.000978283  0.00211856
         1.2          23  -0.0162426 -0.00164195  0.00212786
         1.2          24   0.0147907-0.000957253  0.00214653
         1.2          25 -0.00502778 -0.00112007  0.00206684
         1.2          26  -0.0165815 -0.00171474  0.00207113
         1.2          27 -0.00963148 -0.00200796  0.00201507
         1.2          28     -0.0198 -0.00264339  0.00204083
         1.2          29 -0.00433889 -0.00270185  0.00197129
         1.2          30  0.00399074 -0.00247877  0.00191816
         1.2          31   0.0170907 -0.00184749  0.00195741
         1.2          32   0.0195722 -0.00117812  0.00200743
         1.2          33      0.0038 -0.00102727  0.00195226
         1.2          34   0.0217741-0.000356645  0.00200672
         1.2          35  0.00569259 -0.00018381  0.00195682
         1.2          36  -0.0121704 -0.00051677  0.00193058
         1.2          37  -0.0134519-0.000866366  0.00190979
         1.2          38 0.000551852-0.000829045   0.0018599
         1.2          39   0.0165315-0.000383903  0.00186472
         1.2          40 -0.00322963-0.000455046  0.00181946
         1.2          41    0.017737-1.13369e-05  0.00182838
         1.2          42   0.0100204 0.000227513  0.00180038
         1.2          43 -0.00352593 0.000140224  0.00176063
         1.2          44 -0.00593519 2.14646e-06  0.00172602
         1.2          45  0.00574259 0.000129712  0.00169237
         1.2          46  0.00297963 0.000191667  0.00165672
         1.2          47 -0.00491852 8.29393e-05  0.00162503
         1.2          48  0.00319259 0.000147724  0.00159247
         1.2          49-0.000164815 0.000141345  0.00155998
         1.2          50 -0.00297037 7.91111e-05  0.00153002
         1.2          51   0.0011537 0.000100182  0.00150017
         1.2          52  0.00052963  0.00010844  0.00147134
         1.2          53  -0.0176074-0.000225821  0.00148106
         1.2          54  0.00637407-0.000103601  0.00145867
         1.2          55 -0.00536481-0.000199259  0.00143528
         1.2          56  0.00142593-0.000170238  0.00140994
         1.2          57  -0.0118185-0.000374594  0.00139994
         1.2          58     -0.0032-0.000423308  0.00137665
         1.2          59 -0.00451296-0.000492624  0.00135506
         1.2          60 -0.00461296-0.000561296  0.00133421
         1.2          61  0.00197593-0.000519702  0.00131299
         1.2          62 -0.00362037-0.000569713  0.00129277
         1.2          63   0.0148926 -0.00032428  0.00129533
         1.2          64   0.0158389-7.17303e-05  0.00129948
         1.2          65 -0.00147407-9.33048e-05  0.00127967
         1.2          66  -0.0205667-0.000403507  0.00129733
         1.2          67  0.00981296-0.000251023   0.0012869
         1.2          68  0.00323148-0.000199809  0.00126899
         1.2          69 -0.00385926-0.000252845  0.00125171
         1.2          70 -0.00176667-0.000274471  0.00123401
         1.2          71   0.0129741-8.78717e-05  0.00123066
         1.2          72 -0.00979815-0.000222737  0.00122094
         1.2          73 -0.00887778-0.000341299  0.00120995
         1.2          74   0.0139667-0.000147948  0.00120895
         1.2          75  0.00298889-0.000106123  0.00119356
         1.2          76   0.0110741 4.09844e-05  0.00118688
         1.2          77   0.0198185 0.000297835  0.00119894
         1.2          78  0.00472963 0.000354653  0.00118491
         1.2          79  0.00251481 0.000381997  0.00117023
         1.2          80  0.00448889 0.000433333  0.00115673
         1.2          81    -0.00595 0.000354527  0.00114513
         1.2          82    0.011113 0.000485727  0.00113865
         1.2          83 -0.00419074 0.000429384  0.00112633
         1.2          84 -0.00462037 0.000369268  0.00111452
         1.2          85 -0.00346481 0.000324161  0.00110232
         1.2          86  0.00202037 0.000343885  0.00108968
         1.2          87  -0.0014463 0.000323308  0.00107735
         1.2          88  0.00456481 0.000371507  0.00106619
         1.2          89  -0.0202352 0.000139971  0.00107905
         1.2          90  0.00912037 0.000239753  0.00107167
         1.2          91   0.0270519 0.000534392  0.00109965
         1.2          92   0.0115907 0.000654569  0.00109424
         1.2          93  0.00536111 0.000705177  0.00108365
         1.2          94  -0.0217648 0.000466135  0.00109817
         1.2          95   0.0137926 0.000606413  0.00109553
         1.2          96 -0.00636111 0.000533835  0.00108652
         1.2          97 -0.00437963 0.000483181   0.0010765
         1.2          98  0.00812963 0.000561206  0.00106834
         1.2          99   0.0100463 0.000657015  0.00106184
         1.2         100 0.000642593  0.00065687  0.00105122
         1.3           1   0.0123426   0.0123426           0
         1.3           2 -0.00513889  0.00360185  0.00618064
         1.3           3   0.0114574  0.00622037  0.00464209
         1.3           4   0.0145074  0.00829213  0.00391669
         1.3           5   0.0148444  0.00960259  0.00334541
         1.3           6    -0.01175  0.00604383  0.00428089
         1.3           7 0.000118519  0.00519735  0.00375209
         1.3           8  -0.0245963  0.00147315  0.00478692
         1.3           9  0.00918333  0.00232984  0.00433102
         1.3          10 -0.00343519  0.00175333   0.0039361
         1.3          11 -0.00979259 0.000703704  0.00371559
         1.3          12      0.0132  0.00174506  0.00354889
         1.3          13  -0.0140537 0.000529772  0.00347776
         1.3          14  -0.0115667-0.000334259  0.00333495
         1.3          15    0.011087  0.00042716  0.00319836
         1.3          16 -0.00241667 0.000249421   0.0030034
         1.3          17  0.00239444 0.000375599  0.00282938
         1.3          18  0.00369259 0.000559877  0.00267819
         1.3          19 -0.00415741 0.000311598  0.00254871
         1.3          20  0.00455741 0.000523889   0.0024301
         1.3          21   0.0116796  0.00105511  0.00237173
         1.3          22  -0.0161241 0.000274242  0.00238902
         1.3          23  -0.0056537 1.65056e-05  0.00229901
         1.3          24 -0.00717593-0.000283179  0.00222267
         1.3          25  0.00442778-9.47407e-05  0.00214173
         1.3          26 -0.00505556-0.000285541  0.00206784
         1.3          27  0.00425741-0.000117284  0.00199809
         1.3          28  -0.0144296-0.000628439  0.00199103
         1.3          29 -0.00642963 -0.00082848   0.0019324
         1.3          30   0.0141722-0.000328457   0.0019316
         1.3          31  0.00375926-0.000196595  0.00187378
         1.3          32  -0.0125593-0.000582928  0.00185463
         1.3          33   0.0190685 1.25701e-05  0.00189162
         1.3          34  0.00535185 0.000169608  0.00184249
         1.3          35 -0.00927963 -0.00010037  0.00180952
         1.3          36   0.0017463-4.90741e-05  0.00175998
         1.3          37  0.00200185 6.35636e-06  0.00171328
         1.3          38 -0.00602037-0.000152242  0.00167552
         1.3          39  -0.0145019 -0.00052018  0.00167247
         1.3          40-0.000359259-0.000516157  0.00163066
         1.3          41   0.0193667-3.12105e-05  0.00166144
         1.3          42  0.00731296 0.000143651  0.00163106
         1.3          43  0.00127963 0.000170069  0.00159334
         1.3          44  -0.0123111-0.000113594  0.00158217
         1.3          45  -0.0129759-0.000399424  0.00157262
         1.3          46   0.0275407 0.000207971  0.00165157
         1.3          47  0.00656667 0.000343262  0.00162196
         1.3          48  -0.0154185  1.4892e-05  0.00162107
         1.3          49 -0.00833704-0.000155556  0.00159692
         1.3          50-0.000211111-0.000156667  0.00156499
         1.3          51   0.0116333 7.45098e-05  0.00155128
         1.3          52   0.0085537 0.000237571  0.00152999
         1.3          53  -0.0140519-3.20405e-05   0.0015247
         1.3          54  -0.0072463-0.000165638   0.0015023
         1.3          55  0.00223889-0.000121919  0.00147562
         1.3          56 -0.00922037-0.000284392  0.00145819
         1.3          57 -0.00552593-0.000376348  0.00143551
         1.3          58 -0.00503519-0.000456673    0.001413
         1.3          59   0.0174111-0.000153829  0.00142113
         1.3          60 -0.00343704-0.000208549   0.0013985
         1.3          61 0.000642593-0.000194596  0.00137565
         1.3          62  -0.0105593-0.000361768  0.00136358
         1.3          63   0.0053463-0.000271164  0.00134494
         1.3          64 -0.00786111-0.000389757  0.00132914
         1.3          65 0.000540741-0.000375442  0.00130877
         1.3          66  0.00756852-0.000255079  0.00129447
         1.3          67 -0.00730926-0.000360365  0.00127942
         1.3          68  -0.0161333 -0.00059232  0.00128146
         1.3          69   0.0111574-0.000422034  0.00127415
         1.3          70  0.00761296-0.000307249  0.00126111
         1.3          71   -0.018887-0.000568936  0.00127021
         1.3          72  0.00543333-0.000485571   0.0012553
         1.3          73  0.00843333-0.000363394  0.00124403
         1.3          74 0.000203704-0.000355731  0.00122725
         1.3          75  0.00676852-0.000260741  0.00121455
         1.3          76  -0.0205944-0.000528289  0.00122769
         1.3          77  0.00668889 -0.00043456  0.00121532
         1.3          78 -0.00267407-0.000463272  0.00120007
         1.3          79-0.000901852-0.000468823   0.0011849
         1.3          80  0.00388889-0.000414352  0.00117134
         1.3          81  0.00110741-0.000395565  0.00115703
         1.3          82 -0.00575926-0.000460976  0.00114476
         1.3          83 -0.00549815-0.000521664  0.00113258
         1.3          84 -0.00619444-0.000589198  0.00112111
         1.3          85 -0.00160926-0.000601198  0.00110798
         1.3          86    0.023963-0.000315568  0.00113132
         1.3          87   0.0174204-0.000111707  0.00113653
         1.3          88  0.00851667-1.36574e-05  0.00112784
         1.3          89   0.0154926  0.00016057  0.00112854
         1.3          90  0.00479074 0.000212016  0.00111718
         1.3          91  0.00368704 0.000250204  0.00110555
         1.3          92      0.0089 0.000344223  0.00109752
         1.3          93 -0.00803333 0.000254142  0.00108941
         1.3          94  -0.0199722 3.89677e-05  0.00109887
         1.3          95 -0.00508889-1.50097e-05  0.00108863
         1.3          96-0.000203704-1.69753e-05  0.00107729
         1.3          97  0.00508889 3.56625e-05  0.00106747
         1.3          98  0.00166852 5.23243e-05  0.00105671
         1.3          99-0.000355556 4.82043e-05  0.00104604
         1.3         100     0.00775 0.000125222  0.00103841
         1.4           1 -0.00403704 -0.00403704           0
         1.4           2  0.00391481-6.11111e-05   0.0028114
         1.4           3 -0.00336667 -0.00116296  0.00207901
         1.4           4 -0.00304074 -0.00163241  0.00161138
         1.4           5  6.2963e-05 -0.00129333   0.0013243
         1.4           6-0.000677778 -0.00119074  0.00110755
         1.4           7 -0.00927222 -0.00234524  0.00142957
         1.4           8  0.00420926 -0.00152593  0.00146699
         1.4           9  -0.0040463 -0.00180597  0.00133045
         1.4          10  0.00351111 -0.00127426  0.00129932
         1.4          11 -0.00247778 -0.00138367  0.00118579
         1.4          12   0.0119852-0.000269599  0.00152291
         1.4          13 -0.00620185-0.000725926  0.00147254
         1.4          14    -0.01145 -0.00149193  0.00155387
         1.4          15  -0.0049463 -0.00172222  0.00146725
         1.4          16  -0.0166148 -0.00265301  0.00164449
         1.4          17 -0.00360185 -0.00270882   0.0015487
         1.4          18-4.62963e-05 -0.00256091  0.00146971
         1.4          19-0.000555556 -0.00245536  0.00139614
         1.4          20   0.0072463 -0.00197028  0.00140808
         1.4          21   0.0145093 -0.00118554   0.0015443
         1.4          22  -0.0141537   -0.001775  0.00158261
         1.4          23  -0.0165111  -0.0024157  0.00163837
         1.4          24   0.0160963 -0.00164437  0.00174223
         1.4          25  0.00490185 -0.00138252  0.00169211
         1.4          26    0.010287-0.000933689   0.0016855
         1.4          27 -0.00184815-0.000967558  0.00162342
         1.4          28  0.00512222-0.000750066  0.00157994
         1.4          29 -0.00562963-0.000918327  0.00153439
         1.4          30   0.0157296-0.000363395  0.00158041
         1.4          31  -0.0054537-0.000527599  0.00153794
         1.4          32  0.00745185-0.000278241  0.00150996
         1.4          33   0.0039037-0.000151515  0.00146951
         1.4          34 -0.00803889-0.000383497  0.00144448
         1.4          35 -0.00420741-0.000492751  0.00140734
         1.4          36   -0.015763-0.000916924  0.00143074
         1.4          37-0.000501852-0.000905706  0.00139212
         1.4          38  -0.0156037  -0.0012925  0.00140819
         1.4          39  0.00812222 -0.00105109  0.00139262
         1.4          40  0.00889259  -0.0008025  0.00137981
         1.4          41 -0.00203148-0.000832475  0.00134649
         1.4          42 -0.00409259-0.000910097  0.00131666
         1.4          43 0.000331481-0.000881223  0.00128636
         1.4          44  -0.0189963 -0.00129293  0.00132137
         1.4          45 -0.00133889 -0.00129395    0.001292
         1.4          46  0.00209259 -0.00122033  0.00126601
         1.4          47  0.00107778 -0.00117143  0.00124002
         1.4          48  0.00577963 -0.00102662  0.00122261
         1.4          49   0.0101722-0.000798073  0.00121883
         1.4          50  0.00152963-0.000751519  0.00119535
         1.4          51      0.0025-0.000687763  0.00117361
         1.4          52  -0.0115037-0.000895762  0.00116932
         1.4          53  0.00189444-0.000843117  0.00114845
         1.4          54   0.0117019-0.000610802  0.00115044
         1.4          55 -0.00620926-0.000712593  0.00113401
         1.4          56  -0.0183833 -0.00102814  0.00115683
         1.4          57   0.0089037-0.000853899  0.00114958
         1.4          58   0.0131796-0.000611941  0.00115495
         1.4          59 -0.00187407-0.000633333  0.00113557
         1.4          60   0.0020537-0.000588549  0.00111753
         1.4          61  0.00125926-0.000558257  0.00109962
         1.4          62  0.00492593-0.000469803  0.00108543
         1.4          63  0.00684074-0.000353762  0.00107439
         1.4          64  0.00935556-0.000202054  0.00106826
         1.4          65-0.000887037-0.000212593  0.00105187
         1.4          66  0.00648333-0.000111139  0.00104082
         1.4          67 -0.00734444-0.000219099  0.00103087
         1.4          68  0.00648519-0.000120507  0.00102041
         1.4          69  -0.0104148-0.000269699  0.00101647
         1.4          70 -0.00402593 -0.00032336  0.00100337
         1.4          71  -0.0235259-0.000650156  0.00104109
         1.4          72 -0.00697778 -0.00073804  0.00103034
         1.4          73  -0.0116056 -0.00088691  0.00102692
         1.4          74 -0.00209815-0.000903278  0.00101317
         1.4          75  0.00333148-0.000846815  0.00100124
         1.4          76  0.00407778-0.000782018 0.000990157
         1.4          77   0.0065537-0.000686748 0.000981871
         1.4          78-0.000751852-0.000687583 0.000969283
         1.4          79  0.00693148-0.000591139   0.0009618
         1.4          80 -0.00918889-0.000698611 0.000955763
         1.4          81 -0.00232407-0.000718679 0.000944174
         1.4          82 -0.00760556-0.000802665 0.000936388
         1.4          83 -0.00169815-0.000813454 0.000925168
         1.4          84  0.00151111 -0.00078578 0.000914568
         1.4          85   0.0104111-0.000654052 0.000913246
         1.4          86-0.000292593-0.000649849 0.000902636
         1.4          87-0.000964815 -0.00065347 0.000892268
         1.4          88 -0.00979259-0.000757323 0.000888152
         1.4          89 0.000437037-0.000743903 0.000878274
         1.4          90 0.000716667-0.000727675 0.000868666
         1.4          91  -0.0165241-0.000901262 0.000876292
         1.4          92 -0.00684444-0.000965862 0.000869145
         1.4          93  0.00494815 -0.00090227 0.000862123
         1.4          94      -0.011 -0.00100969 0.000859618
         1.4          95  0.00167222-0.000981462 0.000851033
         1.4          96  0.00518333-0.000917245 0.000844587
         1.4          97 -0.00526481-0.000962066 0.000837068
         1.4          98 -0.00382222-0.000991251 0.000829035
         1.4          99  0.00848704-0.000895511 0.000826171
         1.4         100  -0.0203167 -0.00108972 0.000840427
         1.5           1   0.0152296   0.0152296           0
         1.5           2  0.00855741   0.0118935  0.00235899
         1.5           3 -0.00814259  0.00521481  0.00567538
         1.5           4 -0.00379259  0.00296296  0.00468201
         1.5           5 -0.00603333   0.0011637   0.0040767
         1.5           6 -0.00650556-0.000114506  0.00359205
         1.5           7  0.00807593  0.00105556  0.00326391
         1.5           8   0.0169648  0.00304421  0.00340832
         1.5           9 -0.00467963  0.00218601  0.00313581
         1.5          10  0.00612037  0.00257944   0.0028468
         1.5          11  0.00145185  0.00247694  0.00258985
         1.5          12  -0.0101352  0.00142593  0.00257848
         1.5          13   0.0144852  0.00243048  0.00256838
         1.5          14  -0.0138056  0.00127077  0.00263377
         1.5          15 -0.00516296 0.000841852  0.00249286
         1.5          16 -0.00469444 0.000495833  0.00236095
         1.5          17 0.000187037 0.000477669  0.00222214
         1.5          18  -0.0054963 0.000145782  0.00212333
         1.5          19  0.00240741 0.000264815  0.00201491
         1.5          20-0.000527778 0.000225185  0.00191455
         1.5          21 -0.00097037 0.000168254  0.00182423
         1.5          22 -0.00576667-0.000101515  0.00176114
         1.5          23    -0.00915-0.000494928  0.00172796
         1.5          24 0.000685185-0.000445756  0.00165666
         1.5          25     -0.0225 -0.00132793  0.00181009
         1.5          26  0.00693704 -0.00101004  0.00176817
         1.5          27    -0.00445 -0.00113745  0.00170726
         1.5          28  0.00642778-0.000867262  0.00166753
         1.5          29  0.00558704  -0.0006447  0.00162482
         1.5          30  0.00848519 -0.00034037   0.0015989
         1.5          31 -0.00983519-0.000646655  0.00157639
         1.5          32   0.0123056-0.000241898  0.00157823
         1.5          33  0.00295556-0.000145006  0.00153338
         1.5          34 -0.00764815-0.000365686  0.00150408
         1.5          35 -0.00537222 -0.00050873  0.00146789
         1.5          36 -0.00865556-0.000735031  0.00144445
         1.5          37 -0.00692037-0.000902202  0.00141505
         1.5          38  -0.0118204 -0.00118952  0.00140668
         1.5          39 -0.00618889 -0.00131771  0.00137644
         1.5          40  0.00424259  -0.0011787  0.00134903
         1.5          41  -0.0143148  -0.0014991  0.00135364
         1.5          42     -0.0082 -0.00165864  0.00133078
         1.5          43  0.00886667 -0.00141387  0.00132215
         1.5          44  0.00418148  -0.0012867   0.0012982
         1.5          45  0.00685926 -0.00110568  0.00128191
         1.5          46 -0.00257407  -0.0011376  0.00125444
         1.5          47  -0.0100685 -0.00132762  0.00124206
         1.5          48  0.00710741 -0.00115189  0.00122855
         1.5          49 8.88889e-05 -0.00112657  0.00120374
         1.5          50  0.00116667  -0.0010807  0.00118054
         1.5          51  -0.0084463 -0.00122513  0.00116619
         1.5          52  0.00758519  -0.0010557  0.00115601
         1.5          53  0.00139815  -0.0010094  0.00113512
         1.5          54 -0.00903519 -0.00115802  0.00112379
         1.5          55 -0.00366852 -0.00120367  0.00110428
         1.5          56  0.00176667 -0.00115063  0.00108584
         1.5          57 -0.00498519  -0.0012179  0.00106887
         1.5          58  0.00800741 -0.00105884  0.00106221
         1.5          59   0.0019963 -0.00100706  0.00104547
         1.5          60  0.00804815-0.000856142  0.00103888
         1.5          61 -0.00509444-0.000925622  0.00102417
         1.5          62  0.00933704-0.000760096  0.00102094
         1.5          63  -0.0071037-0.000860788  0.00100969
         1.5          64     0.00485-0.000771557 0.000997846
         1.5          65 -0.00494815-0.000835812 0.000984561
         1.5          66  0.00706852-0.000716049 0.000976901
         1.5          67   0.0129889-0.000511498 0.000983502
         1.5          68  0.00701296-0.000400844 0.000975244
         1.5          69  0.00543704-0.000316237 0.000964773
         1.5          70  0.00313148-0.000266984 0.000952247
         1.5          71   0.0020537-0.000234298 0.000939396
         1.5          72 0.000403704-0.000225437  0.00092639
         1.5          73  0.00387593-0.000169254 0.000915402
         1.5          74  0.00457407-0.000105155 0.000905273
         1.5          75  -0.0034537-0.000149802 0.000894303
         1.5          76 -0.00427222-0.000204045  0.00088418
         1.5          77 -0.00248333-0.000233646 0.000873192
         1.5          78  0.00513333-0.000164839 0.000864704
         1.5          79 -0.00351296 -0.00020722 0.000854797
         1.5          80   0.0071963-0.000114676 0.000849106
         1.5          81  0.00509815-5.03201e-05 0.000841059
         1.5          82 -0.00216481-7.61066e-05 0.000831197
         1.5          83 -0.00557778-0.000142392 0.000823822
         1.5          84 -0.00712037-0.000225463 0.000818192
         1.5          85  0.00444444-0.000170523 0.000810409
         1.5          86 0.000153704-0.000166753 0.000800994
         1.5          87 -0.00374815-0.000207918 0.000792844
         1.5          88 -0.00885185-0.000306145 0.000789896
         1.5          89 -0.00529444-0.000362193 0.000783007
         1.5          90     -0.0065-0.000430391 0.000777271
         1.5          91  -0.0102519-0.000538319 0.000776186
         1.5          92  0.00756296-0.000450262 0.000772728
         1.5          93-0.000859259-0.000454659 0.000764432
         1.5          94  0.00306852-0.000417179 0.000757218
         1.5          95  -0.0156796-0.000577836 0.000766101
         1.5          96  -0.0117037-0.000693731 0.000766837
         1.5          97 0.000785185-0.000678484 0.000759083
         1.5          98  0.00127407 -0.00065856 0.000751599
         1.5          99  0.00636481-0.000587617 0.000747347
         1.5         100 -0.00280741-0.000609815 0.000740203
         1.6           1 -0.00464259 -0.00464259           0
         1.6           2 -0.00906296 -0.00685278  0.00156284
         1.6           3 -0.00210926  -0.0052716    0.001659
         1.6           4 -0.00959074 -0.00635139  0.00155647
         1.6           5  0.00807778 -0.00346556  0.00286581
         1.6           6   0.0106815 -0.00110772    0.003215
         1.6           7   0.0161833  0.00136243  0.00358105
         1.6           8 -0.00741296 0.000265509  0.00329715
         1.6           9  0.00701481  0.00101543  0.00301487
         1.6          10 -0.00658519  0.00025537  0.00280756
         1.6          11 -0.00372222-0.000106229  0.00257551
         1.6          12  0.00521852   0.0003375   0.0023988
         1.6          13  0.00163704 0.000437464  0.00221636
         1.6          14 -0.00345185 0.000159656  0.00207539
         1.6          15 -0.00100741 8.18519e-05  0.00193849
         1.6          16   0.0045963 0.000364005  0.00183775
         1.6          17-0.000962963 0.000285948   0.0017313
         1.6          18 -0.00097963 0.000215638  0.00163655
         1.6          19  0.00252963 0.000337427  0.00155494
         1.6          20      0.0026 0.000450556   0.0014813
         1.6          21 2.40741e-05 0.000430247   0.0014109
         1.6          22 -0.00297593 0.000275421  0.00135524
         1.6          23 -0.00042037 0.000245169  0.00129665
         1.6          24   0.0060037 0.000485108  0.00126463
         1.6          25  0.00268148 0.000572963  0.00121709
         1.6          26 -0.00946481 0.000186895  0.00122999
         1.6          27 -0.00233704 9.34156e-05  0.00118798
         1.6          28 -0.00213704 1.37566e-05  0.00114822
         1.6          29 -0.00948889-0.000313921  0.00115444
         1.6          30 -0.00204815-0.000371728   0.0011174
         1.6          31 -0.00122778-0.000399343   0.0010817
         1.6          32   0.0077037-0.000146123  0.00107713
         1.6          33 -0.00885556-0.000410045  0.00107633
         1.6          34 -0.00895741-0.000661438  0.00107363
         1.6          35   -0.010287-0.000936455  0.00107761
         1.6          36 -0.00927963 -0.00116821  0.00107231
         1.6          37  0.00258333 -0.00106682  0.00104811
         1.6          38  0.00247593-0.000973587  0.00102466
         1.6          39 -0.00641296 -0.00111306  0.00100784
         1.6          40   0.0138611-0.000738704  0.00104987
         1.6          41 -0.00201296-0.000769783  0.00102472
         1.6          42  0.00694815-0.000586023  0.00101667
         1.6          43-0.000946296-0.000594401 0.000993056
         1.6          44  -0.0107222-0.000824579 0.000996806
         1.6          45  0.00114259-0.000780864 0.000975613
         1.6          46  0.00217222-0.000716667 0.000956514
         1.6          47 -0.00137778-0.000730733 0.000936266
         1.6          48  0.00293889-0.000654282 0.000919876
         1.6          49  0.00638889-0.000510544 0.000912264
         1.6          50 -0.00114815-0.000523296 0.000894108
         1.6          51 -0.00528889-0.000616739 0.000881446
         1.6          52 -0.00911667-0.000780199 0.000879521
         1.6          53 -0.00428333-0.000846296 0.000865406
         1.6          54 0.000842593-0.000815021 0.000849945
         1.6          55  0.00178704 -0.00076771 0.000835807
         1.6          56  0.00700741-0.000628869 0.000832334
         1.6          57  0.00494444-0.000531092 0.000823455
         1.6          58   0.0115148-0.000323404 0.000835038
         1.6          59  0.00490556-0.000234777 0.000825575
         1.6          60 0.000983333-0.000214475 0.000812065
         1.6          61  -0.0097537-0.000370856  0.00081367
         1.6          62 -0.00492407-0.000444295 0.000803854
         1.6          63 -0.00845185-0.000571399  0.00080108
         1.6          64 -0.00346667-0.000616638 0.000789839
         1.6          65  -0.0161074-0.000854957 0.000812847
         1.6          66 -0.00586481-0.000930864 0.000804068
         1.6          67  -0.0138593 -0.00112383 0.000814892
         1.6          68  -0.0106315 -0.00126364 0.000814815
         1.6          69 -0.00496296 -0.00131726 0.000804768
         1.6          70  0.00645741 -0.00120619 0.000800898
         1.6          71 -0.00516481 -0.00126195 0.000791556
         1.6          72 0.000531481 -0.00123704 0.000780954
         1.6          73 2.40741e-05 -0.00121976 0.000770448
         1.6          74  0.00673704 -0.00111224 0.000767502
         1.6          75  -0.0150037 -0.00129746 0.000779298
         1.6          76 -0.00536296 -0.00135095 0.000770878
         1.6          77  0.00416481 -0.00127932 0.000764187
         1.6          78   0.0064463 -0.00118027 0.000760782
         1.6          79  0.00529815 -0.00109827 0.000755558
         1.6          80 -0.00221481 -0.00111222 0.000746243
         1.6          81   -0.010563  -0.0012289 0.000746095
         1.6          82  0.00536852 -0.00114844 0.000741322
         1.6          83  0.00506111 -0.00107363 0.000736156
         1.6          84  0.00057963 -0.00105395 0.000727655
         1.6          85 -0.00487963 -0.00109895 0.000720485
         1.6          86  0.00903519-0.000981115  0.00072168
         1.6          87  -0.0058537 -0.00103712 0.000715554
         1.6          88 -0.00214259 -0.00104968 0.000707533
         1.6          89 -0.00461481 -0.00108974 0.000700717
         1.6          90 -0.00754074 -0.00116142 0.000696587
         1.6          91 -0.00262222 -0.00117747 0.000689117
         1.6          92 -0.00460926 -0.00121477 0.000682636
         1.6          93  0.00195185 -0.00118072 0.000676144
         1.6          94-0.000659259 -0.00117518 0.000668974
         1.6          95  0.00682407 -0.00109097  0.00066721
         1.6          96 0.000724074 -0.00107207 0.000660528
         1.6          97 -0.00691481  -0.0011323 0.000656459
         1.6          98 -0.00591852 -0.00118114 0.000651575
         1.6          99  0.00470741 -0.00112166 0.000647702
         1.6         100 -0.00564444 -0.00116689 0.000642803
         1.7           1 -0.00140185 -0.00140185           0
         1.7           2 -0.00223704 -0.00181944 0.000295283
         1.7           3   0.0056037 0.000654938  0.00202989
         1.7           4  -0.0102389 -0.00206852  0.00280725
         1.7           5  0.00443333-0.000768148  0.00252911
         1.7           6  -0.0120648 -0.00265093  0.00271956
         1.7           7 0.000964815 -0.00213439   0.0023796
         1.7           8 -0.00439074 -0.00241644   0.0020988
         1.7           9 0.000683333 -0.00207202  0.00189365
         1.7          10  -0.0138111 -0.00324593  0.00203589
         1.7          11-1.66667e-05 -0.00295236  0.00187185
         1.7          12 0.000983333 -0.00262438  0.00174436
         1.7          13 -0.00623519 -0.00290214  0.00163214
         1.7          14 -0.00308889 -0.00291548  0.00151561
         1.7          15     -0.0074 -0.00321444  0.00144376
         1.7          16 -0.00586852 -0.00338032  0.00136302
         1.7          17-0.000738889 -0.00322495  0.00129167
         1.7          18 -0.00604815 -0.00338179   0.0012294
         1.7          19 0.000525926 -0.00317612  0.00118177
         1.7          20   0.0027537 -0.00287963  0.00115928
         1.7          21 -0.00327963 -0.00289868  0.00110423
         1.7          22  0.00220185 -0.00266684   0.0010781
         1.7          23 -0.00542222 -0.00278663  0.00103786
         1.7          24  -0.0013037 -0.00272485 0.000996455
         1.7          25 -0.00179444 -0.00268763 0.000957292
         1.7          26  0.00365556 -0.00244366 0.000951053
         1.7          27 -0.00597222 -0.00257435 0.000924764
         1.7          28 -0.00525741 -0.00267017 0.000896688
         1.7          29  -0.0100111 -0.00292331  0.00090079
         1.7          30 0.000972222 -0.00279346 0.000880073
         1.7          31   0.0134426 -0.00226971 0.000995401
         1.7          32  0.00377407 -0.00208084 0.000982049
         1.7          33  -0.0170315 -0.00253389  0.00105161
         1.7          34  0.00620185 -0.00227696   0.0010516
         1.7          35  0.00648889 -0.00202651  0.00105096
         1.7          36  0.00699074 -0.00177603  0.00105119
         1.7          37    -0.00225 -0.00178884  0.00102286
         1.7          38  -0.0033963 -0.00183114 0.000996814
         1.7          39 -0.00525185 -0.00191885 0.000975106
         1.7          40 -0.00784074  -0.0020669 0.000961902
         1.7          41  0.00434815 -0.00191043 0.000951081
         1.7          42 0.000190741 -0.00186041 0.000929751
         1.7          43  0.00336296 -0.00173893  0.00091603
         1.7          44 -0.00207593 -0.00174659 0.000895243
         1.7          45 0.000209259 -0.00170313 0.000876403
         1.7          46 -0.00468704   -0.001768 0.000859748
         1.7          47-0.000309259 -0.00173696 0.000842016
         1.7          48   0.0100111 -0.00149221 0.000859309
         1.7          49  0.00169074 -0.00142725 0.000844224
         1.7          50 -0.00269259 -0.00145256 0.000827719
         1.7          51  0.00239815 -0.00137705 0.000814925
         1.7          52  0.00595185 -0.00123611  0.00081135
         1.7          53  0.00157963 -0.00118298 0.000797779
         1.7          54 -0.00866667 -0.00132157 0.000794951
         1.7          55  0.00710556 -0.00116835 0.000795127
         1.7          56  0.00364444 -0.00108241 0.000785559
         1.7          57     0.01445-0.000809909 0.000817675
         1.7          58  0.00245556-0.000753608 0.000805513
         1.7          59 0.000272222-0.000736221 0.000792048
         1.7          60  0.00258333-0.000680895 0.000780777
         1.7          61  0.00042037-0.000662842 0.000768186
         1.7          62 -0.00314444-0.000702867 0.000756838
         1.7          63  0.00175926-0.000663786 0.000745833
         1.7          64  0.00721667-0.000540654 0.000744274
         1.7          65 -0.00639815-0.000630769 0.000738259
         1.7          66  0.00769259-0.000504658 0.000737766
         1.7          67   0.0112481-0.000329243 0.000747318
         1.7          68     0.00835-0.000201607 0.000747148
         1.7          69  0.00446296-0.000134004 0.000739372
         1.7          70 -0.00499444-0.000203439 0.000732062
         1.7          71 -0.00192037-0.000227621 0.000722151
         1.7          72     -0.0038-0.000277238 0.000713823
         1.7          73  0.00882593-0.000152537 0.000714854
         1.7          74     0.00145-0.000130881 0.000705522
         1.7          75  0.00312037-8.75309e-05 0.000697446
         1.7          76  0.00415185-3.17495e-05 0.000690496
         1.7          77  0.00530741 3.75902e-05 0.000685001
         1.7          78 1.85185e-06  3.7132e-05 0.000676219
         1.7          79 -0.00816852 -6.6737e-05  0.00067559
         1.7          80  -0.0102648-0.000194213 0.000679065
         1.7          81 -0.00380926-0.000238843 0.000672146
         1.7          82  -0.0150074-0.000418948 0.000687656
         1.7          83  0.00306481-0.000376975 0.000680651
         1.7          84 -0.00319444-0.000410516 0.000673374
         1.7          85  0.00164259-0.000386362 0.000665885
         1.7          86   0.0075963 -0.00029354  0.00066458
         1.7          87 -0.00321481-0.000327118 0.000657789
         1.7          88  0.00167222-0.000304398 0.000650706
         1.7          89 -0.00379815-0.000343654 0.000644578
         1.7          90  0.00386481-0.000296893  0.00063911
         1.7          91-1.11111e-05-0.000293753 0.000632094
         1.7          92 -0.00292593-0.000322363 0.000625871
         1.7          93 -0.00131852-0.000333074 0.000619233
         1.7          94 -0.00143333-0.000344779 0.000612756
         1.7          95  0.00358889-0.000303372 0.000607703
         1.7          96 -0.00992222-0.000403569 0.000609577
         1.7          97  0.00106296 -0.00038845  0.00060348
         1.7          98 -0.00564444-0.000442082 0.000599701
         1.7          99  0.00503889-0.000386719 0.000596193
         1.7         100 -0.00308704-0.000413722 0.000590842
         1.8           1  0.00144074  0.00144074           0
         1.8           2-0.000203704 0.000618519 0.000581399
         1.8           3 -0.00342222-0.000728395  0.00116605
         1.8           4 -0.00377222 -0.00148935  0.00109504
         1.8           5  0.00399074-0.000393333   0.0013147
         1.8           6 -0.00712222 -0.00151481  0.00149947
         1.8           7  -0.0050963 -0.00202646  0.00136977
         1.8           8  0.00416667 -0.00125231  0.00140032
         1.8           9   0.0030037-0.000779424  0.00132217
         1.8          10 -0.00103148 -0.00080463  0.00119019
         1.8          11  0.00285185-0.000472222  0.00112746
         1.8          12  0.00057963-0.000384568   0.0010369
         1.8          13   0.0072037 0.000199145  0.00110934
         1.8          14  0.00441667 0.000500397  0.00107022
         1.8          15 0.000833333 0.000522593 0.000999105
         1.8          16 -0.00220556 0.000352083 0.000951099
         1.8          17 -0.00780556-0.000127778  0.00100897
         1.8          18  0.00840926 0.000346502  0.00105853
         1.8          19  0.00122778 0.000392885  0.00100384
         1.8          20 -0.00107037 0.000319722 0.000956307
         1.8          21  0.00193889 0.000396825 0.000913872
         1.8          22 -0.00217407 0.000279966 0.000879772
         1.8          23 -0.00346296  0.00011723  0.00085644
         1.8          24     0.00355 0.000260262 0.000832613
         1.8          25  0.00547037 0.000468667 0.000824978
         1.8          26   0.0128093 0.000943305 0.000919706
         1.8          27 0.000440741 0.000924691 0.000885831
         1.8          28  0.00589815  0.00110231 0.000871821
         1.8          29  0.00405926  0.00120428   0.0008477
         1.8          30  0.00371852  0.00128809 0.000823575
         1.8          31 -0.00570556  0.00106249 0.000827331
         1.8          32     0.00325  0.00113084 0.000804296
         1.8          33  0.00238889  0.00116897 0.000780826
         1.8          34  0.00198519  0.00119297  0.00075823
         1.8          35  0.00592593   0.0013282 0.000748528
         1.8          36  0.00313889   0.0013785 0.000729423
         1.8          37  0.00582593   0.0014987 0.000719545
         1.8          38  0.00248889  0.00152476 0.000701081
         1.8          39 -0.00126296  0.00145328 0.000686739
         1.8          40 -0.00695741  0.00124301 0.000701022
         1.8          41 -0.00406667   0.0011135 0.000695783
         1.8          42  -0.0018037  0.00104405 0.000682675
         1.8          43 -0.00440185 0.000917399 0.000678445
         1.8          44 -0.00302593 0.000827778 0.000668919
         1.8          45 -0.00451481 0.000709053 0.000664506
         1.8          46  0.00299815 0.000758816 0.000651921
         1.8          47 -0.00203148 0.000699448 0.000640748
         1.8          48 -0.00052037 0.000674035 0.000627903
         1.8          49 0.000187037 0.000664097 0.000615167
         1.8          50 -0.00289259 0.000592963 0.000606963
         1.8          51 -0.00556296 0.000472259 0.000606945
         1.8          52 -0.00674815 0.000333405 0.000610949
         1.8          53  0.00682222 0.000455835 0.000611566
         1.8          54      0.0026 0.000495542 0.000601529
         1.8          55 -0.00361481 0.000420808 0.000595216
         1.8          56 -0.00554444 0.000314286 0.000594043
         1.8          57 -0.00522593 0.000217089 0.000591519
         1.8          58 -0.00404259 0.000143646 0.000585862
         1.8          59 -0.00416667 7.05901e-05 0.000580469
         1.8          60 -0.00370185 7.71605e-06  0.00057419
         1.8          61-0.000192593  4.4323e-06 0.000564786
         1.8          62 -0.00117037-1.45161e-05 0.000555994
         1.8          63  0.00641667 8.75661e-05 0.000556462
         1.8          64  0.00232963 0.000122598 0.000548868
         1.8          65 -0.00701296 1.28205e-05 0.000551293
         1.8          66-0.000672222 2.44108e-06 0.000543038
         1.8          67  0.00167593 2.74185e-05 0.000535507
         1.8          68 -0.00758148-8.44771e-05 0.000539196
         1.8          69 -0.00812778-0.000201047 0.000543836
         1.8          70 0.000162963-0.000195847 0.000536092
         1.8          71 -0.00542593 -0.00026951 0.000533578
         1.8          72 6.85185e-05-0.000264815 0.000526188
         1.8          73   0.0134611-7.67884e-05 0.000551552
         1.8          74  0.00451111-1.47898e-05 0.000547572
         1.8          75  -0.0133907-0.000193136 0.000568574
         1.8          76 -0.00466852-0.000252022 0.000564134
         1.8          77  0.00884444-0.000133886 0.000569042
         1.8          78 -0.00550926-0.000202802 0.000565905
         1.8          79-0.000388889-0.000205157 0.000558746
         1.8          80 0.000874074-0.000191667 0.000551925
         1.8          81  0.00217778-0.000162414 0.000545885
         1.8          82  0.00604074 -8.6766e-05 0.000544445
         1.8          83 -0.00637407-0.000162517 0.000543129
         1.8          84    -0.00365-0.000204034 0.000538248
         1.8          85 -0.00287222-0.000235425  0.00053283
         1.8          86  -0.0011963-0.000246598 0.000526752
         1.8          87  0.00217037-0.000218817 0.000521429
         1.8          88 -0.00845185-0.000312374  0.00052383
         1.8          89  0.00275185-0.000277944 0.000519074
         1.8          90 -0.00563148-0.000337428 0.000516704
         1.8          91-0.000696296-0.000341372 0.000511041
         1.8          92  0.00570556-0.000275644 0.000509695
         1.8          93 -0.00214259-0.000295719  0.00050461
         1.8          94 -0.00628519-0.000359437 0.000503248
         1.8          95  0.00397778-0.000313782 0.000500018
         1.8          96 -0.00185926 -0.00032988 0.000495068
         1.8          97 -0.00541111-0.000382264 0.000492728
         1.8          98  0.00448704-0.000332577 0.000490199
         1.8          99 -0.00142407-0.000343603 0.000485372
         1.8         100 -0.00566111-0.000396778 0.000483422
         1.9           1 -0.00329444 -0.00329444           0
         1.9           2  0.00052963 -0.00138241  0.00135201
         1.9           3 -0.00359444 -0.00211975  0.00108391
         1.9           4  0.00167778 -0.00117037  0.00115623
         1.9           5-0.000342593 -0.00100481 0.000936759
         1.9           6  0.00393704-0.000181173  0.00108384
         1.9           7  0.00239259 0.000186508 0.000989408
         1.9           8  0.00253704 0.000480324 0.000908311
         1.9           9  0.00131296  0.00057284 0.000812085
         1.9          10  0.00475185 0.000990741  0.00083148
         1.9          11 -0.00307037 0.000621549 0.000833836
         1.9          12  0.00570741  0.00104537 0.000865382
         1.9          13-0.000951852 0.000891738 0.000812337
         1.9          14 -0.00171111  0.00070582 0.000775296
         1.9          15  0.00867593  0.00123716 0.000887194
         1.9          16  0.00114444  0.00123137 0.000831763
         1.9          17  -0.0040963 0.000917974 0.000839803
         1.9          18 -0.00567963  0.00055144 0.000869463
         1.9          19-0.000342593 0.000504386 0.000824974
         1.9          20  0.00186852 0.000572593  0.00078654
         1.9          21  0.00510741 0.000788536 0.000778165
         1.9          22 -0.00216852 0.000654125 0.000754312
         1.9          23  0.00344259 0.000775362 0.000731194
         1.9          24 0.000161111 0.000749769 0.000701176
         1.9          25  0.00679444 0.000991556   0.0007136
         1.9          26-0.000712963 0.000925997 0.000689159
         1.9          27   0.0107019  0.00128807 0.000752761
         1.9          28-0.000175926  0.00123578  0.00072769
         1.9          29-0.000761111  0.00116692 0.000705848
         1.9          30 -0.00262963  0.00104037 0.000693571
         1.9          31 -0.00181667 0.000948208 0.000677294
         1.9          32  0.00447407  0.00105839  0.00066503
         1.9          33 -0.00636852 0.000833333 0.000681897
         1.9          34 0.000775926 0.000831645 0.000661843
         1.9          35 -0.00414444 0.000689471 0.000658027
         1.9          36  0.00362593 0.000771039 0.000644784
         1.9          37-0.000125926 0.000746797 0.000627813
         1.9          38  0.00521296 0.000864327 0.000622196
         1.9          39  0.00460926 0.000960351 0.000613607
         1.9          40-0.000374074 0.000926991 0.000599173
         1.9          41 -0.00394444 0.000808175 0.000596223
         1.9          42  0.00878333  0.00099806 0.000611517
         1.9          43  0.00498889  0.00109087 0.000604298
         1.9          44 0.000244444  0.00107163  0.00059087
         1.9          45 -0.00332778 0.000973868 0.000585772
         1.9          46  0.00442407  0.00104887  0.00057782
         1.9          47 -0.00564444 0.000906462 0.000582811
         1.9          48  0.00461111 0.000983642 0.000575757
         1.9          49 -0.00263704 0.000909751 0.000568728
         1.9          50  0.00487963 0.000989148 0.000562869
         1.9          51  0.00339259  0.00103627 0.000553801
         1.9          52  0.00117222  0.00103889 0.000543157
         1.9          53  0.00332407  0.00108201 0.000534618
         1.9          54  0.00477222  0.00115034 0.000529067
         1.9          55 -0.00141296  0.00110374 0.000521496
         1.9          56 -0.00194815  0.00104924 0.000515024
         1.9          57  0.00132593  0.00105409 0.000506011
         1.9          58  0.00314259   0.0010901 0.000498566
         1.9          59 -0.00562963 0.000976208 0.000502957
         1.9          60 -0.00214259 0.000924228 0.000497253
         1.9          61  0.00140926  0.00093218 0.000489165
         1.9          62  0.00462222 0.000991697 0.000484882
         1.9          63 -0.00699074 0.000864991 0.000493463
         1.9          64  0.00662963 0.000955064 0.000493905
         1.9          65  0.00502593  0.00101769 0.000490261
         1.9          66  0.00132593  0.00102236 0.000482855
         1.9          67 -0.00102407 0.000991819 0.000476613
         1.9          68  0.00636852  0.00107089 0.000476118
         1.9          69 -0.00137222  0.00103548 0.000470532
         1.9          70  0.00199074  0.00104913 0.000464008
         1.9          71  0.00181852  0.00105996 0.000457599
         1.9          72  0.00346111  0.00109331 0.000452457
         1.9          73  0.00701852  0.00117448 0.000453481
         1.9          74  0.00614259  0.00124162 0.000452296
         1.9          75 -0.00372778  0.00117536 0.000451092
         1.9          76  -0.0045537  0.00109998 0.000451411
         1.9          77  0.00683889  0.00117451  0.00045166
         1.9          78 -0.00593519  0.00108336 0.000454974
         1.9          79 -0.00382778  0.00102119 0.000453442
         1.9          80 0.000109259  0.00100979 0.000447917
         1.9          81 -0.00748889  0.00090487  0.00045451
         1.9          82 -0.00148704   0.0008757 0.000449902
         1.9          83  0.00745556 0.000954975 0.000451412
         1.9          84-0.000996296 0.000931746 0.000446635
         1.9          85  0.00453333 0.000974118 0.000443386
         1.9          86 -0.00295926 0.000928381 0.000440583
         1.9          87 -0.00545926  0.00085496 0.000441594
         1.9          88 -0.00437963 0.000795476 0.000440564
         1.9          89 -0.00549074 0.000724844  0.00044124
         1.9          90  0.00621111 0.000785802 0.000440528
         1.9          91 -0.00563148 0.000715283 0.000441295
         1.9          92 -0.00072037 0.000699678 0.000436774
         1.9          93 -0.00527222 0.000635464 0.000436772
         1.9          94  0.00160741 0.000645804 0.000432248
         1.9          95  0.00147037 0.000654483 0.000427785
         1.9          96     -0.0021 0.000625791  0.00042429
         1.9          97 -0.00277963 0.000590683 0.000421366
         1.9          98      0.0054 0.000639758 0.000419915
         1.9          99  0.00598704 0.000693771 0.000419132
         1.9         100 -0.00137593 0.000673074 0.000415452
           2           1 0.000577778 0.000577778           0
           2           2  0.00929444  0.00493611  0.00308181
           2           3  0.00422222  0.00469815   0.0020637
           2           4 -0.00200926   0.0030213  0.00212238
           2           5 -0.00282222  0.00185259  0.00199388
           2           6 -0.00511852 0.000690741  0.00197123
           2           7-0.000627778 0.000502381   0.0016986
           2           8 -0.00108704 0.000303704  0.00149785
           2           9 -0.00363889-0.000134362  0.00139401
           2          10  0.00398333 0.000277407  0.00131402
           2          11 -0.00103519 0.000158081  0.00119997
           2          12  -0.0045963-0.000238117  0.00116354
           2          13 -0.00315926-0.000462821  0.00109552
           2          14 -0.00547037-0.000820503  0.00107407
           2          15  0.00506667-0.000428025  0.00107178
           2          16 0.000542593-0.000367361  0.00100651
           2          17 -0.00221852-0.000476253 0.000953174
           2          18 0.000574074-0.000417901 0.000902004
           2          19    0.010013 0.000131092  0.00100785
           2          20 -0.00815926-0.000283426  0.00103921
           2          21 0.000488889-0.000246649 0.000990371
           2          22  0.00122037-0.000179966 0.000947596
           2          23 -0.00560185  -0.0004157 0.000935259
           2          24   0.0027963-0.000281867 0.000905815
           2          25  0.00732407 2.23704e-05 0.000919256
           2          26 -0.00603889-0.000210755 0.000912982
           2          27  0.00176667-0.000137517   0.0008821
           2          28  0.00172037 -7.1164e-05 0.000853089
           2          29  0.00702407 0.000173499 0.000858039
           2          30 -0.00429444 2.45679e-05 0.000842264
           2          31 -0.00115741-1.35603e-05 0.000815957
           2          32 0.000598148 5.55556e-06 0.000790682
           2          33 -0.00576481-0.000169304 0.000785819
           2          34-0.000277778-0.000172495 0.000762713
           2          35 0.000137037-0.000163651 0.000740973
           2          36  0.00315926-7.13477e-05 0.000726117
           2          37 -0.00710185-0.000261361 0.000730931
           2          38       0.002-0.000201852 0.000714114
           2          39  0.00697407-1.78538e-05 0.000719117
           2          40 -0.00149815-5.48611e-05 0.000702091
           2          41 -0.00465741-0.000167118 0.000693883
           2          42 -0.00274074-0.000228395 0.000680063
           2          43  0.00480185-0.000111413 0.000674234
           2          44  0.00104444-8.51431e-05 0.000659422
           2          45 -0.00611111-0.000219053 0.000658224
           2          46  0.00255741-0.000158696 0.000646676
           2          47   0.0174037 0.000214972 0.000732967
           2          48 -0.00358519 0.000135802  0.00072196
           2          49  0.00533519 0.000241912 0.000714982
           2          50  0.00349444 0.000306963 0.000703635
           2          51 -0.00612963 0.000180755 0.000701066
           2          52  0.00283704 0.000231838 0.000689442
           2          53  0.00114815 0.000249126  0.00067665
           2          54  0.00147778 0.000271879 0.000664502
           2          55 -0.00493148 0.000177273 0.000659121
           2          56 -0.00414074 0.000100165 0.000651845
           2          57 0.000635185 0.000109552 0.000640477
           2          58 0.000861111  0.00012251 0.000629565
           2          59  0.00480185  0.00020182  0.00062387
           2          60 -0.00606111 9.74383e-05 0.000622144
           2          61   0.0015537 0.000121311 0.000612402
           2          62 0.000335185 0.000124761 0.000602535
           2          63 0.000798148  0.00013545 0.000593065
           2          64  0.00607037 0.000228183 0.000591004
           2          65   0.0104519  0.00038547 0.000602478
           2          66  0.00334815 0.000430359  0.00059502
           2          67 -0.00420741 0.000361139 0.000590151
           2          68  0.00330741 0.000404466 0.000583061
           2          69  0.00458148 0.000465003 0.000577745
           2          70  0.00389444 0.000513995 0.000571565
           2          71  0.00446481  0.00056964 0.000566217
           2          72  0.00124074 0.000578961  0.00055843
           2          73 -0.00265185 0.000534703 0.000552531
           2          74 -0.00227963 0.000496672 0.000546372
           2          75  0.00566667 0.000565605 0.000543418
           2          76 -0.00240556 0.000526511 0.000537672
           2          77 -0.00618519 0.000439346 0.000537708
           2          78 -0.00125926 0.000417569 0.000531255
           2          79    -0.00105 0.000398992 0.000524855
           2          80  0.00887778 0.000504977 0.000528887
           2          81  -0.0056537 0.000428944 0.000527795
           2          82  0.00243333 0.000453388 0.000521924
           2          83  0.00427037 0.000499375 0.000517658
           2          84 -0.00981296 0.000376609 0.000525851
           2          85  0.00498519 0.000430828 0.000522452
           2          86  0.00650926 0.000501507 0.000521136
           2          87    0.010987 0.000622031 0.000528899
           2          88 -0.00732037 0.000531776 0.000530534
           2          89 -0.00346481 0.000486871  0.00052647
           2          90  0.00158889 0.000499115 0.000520762
           2          91  0.00747963 0.000575824 0.000520659
           2          92 0.000583333 0.000575906    0.000515
           2          93 -0.00718704 0.000492433 0.000516182
           2          94    -0.00725 0.000410067 0.000517221
           2          95  0.00127037 0.000419123 0.000511856
           2          96  0.00694074 0.000487056 0.000511012
           2          97   0.0033037 0.000516094 0.000506568
           2          98  -0.0145481 0.000362377 0.000524203
           2          99-0.000555556 0.000353105  0.00051899
           2         100  0.00470926 0.000396667 0.000515625
