#     BLOCK:   ACTUAL_CV:    CV_AVE:      ERROR:
         0.5           1    0.298429    0.298429           0
         0.5           2     0.28632    0.292375  0.00428124
         0.5           3    0.328509     0.30442   0.0102403
         0.5           4    0.318421     0.30792  0.00825684
         0.5           5    0.267143    0.299765  0.00984076
         0.5           6    0.271565    0.295065  0.00925516
         0.5           7    0.266393    0.290969  0.00879277
         0.5           8    0.245845    0.285328    0.009329
         0.5           9    0.318264    0.288988  0.00898159
         0.5          10    0.278635    0.287953  0.00814288
         0.5          11    0.242106    0.283785  0.00840184
         0.5          12    0.392593    0.292852   0.0116053
         0.5          13    0.294565    0.292984   0.0107133
         0.5          14    0.364139    0.298066   0.0110883
         0.5          15    0.255633    0.295238   0.0107039
         0.5          16     0.29207     0.29504   0.0100367
         0.5          17    0.324347    0.296764  0.00959323
         0.5          18    0.237001    0.293443  0.00961765
         0.5          19    0.319887    0.294835  0.00921161
         0.5          20    0.305358    0.295361  0.00876604
         0.5          21    0.362475    0.298557  0.00891217
         0.5          22    0.289694    0.298154  0.00851617
         0.5          23    0.269324    0.296901  0.00823764
         0.5          24    0.234202    0.294288  0.00829832
         0.5          25    0.330148    0.295723   0.0080894
         0.5          26    0.255268    0.294167   0.0079265
         0.5          27    0.312164    0.294833   0.0076609
         0.5          28    0.306578    0.295253  0.00739877
         0.5          29    0.330387    0.296464  0.00724215
         0.5          30    0.373063    0.299018  0.00743723
         0.5          31    0.331196    0.300056   0.0072694
         0.5          32     0.29548    0.299913  0.00704363
         0.5          33    0.300862    0.299941  0.00683025
         0.5          34    0.274587    0.299196  0.00666994
         0.5          35    0.261284    0.298113  0.00656674
         0.5          36    0.274228    0.297449  0.00641776
         0.5          37    0.241354    0.295933  0.00642088
         0.5          38     0.26098    0.295013  0.00631745
         0.5          39    0.282246    0.294686  0.00616394
         0.5          40    0.297978    0.294768  0.00601039
         0.5          41     0.29822    0.294852  0.00586439
         0.5          42    0.307394    0.295151  0.00573235
         0.5          43    0.345346    0.296318  0.00571666
         0.5          44    0.307638    0.296576  0.00559252
         0.5          45    0.315319    0.296992  0.00548373
         0.5          46     0.25481    0.296075  0.00544065
         0.5          47    0.291057    0.295968  0.00532594
         0.5          48    0.280085    0.295637  0.00522526
         0.5          49    0.344233    0.296629  0.00521189
         0.5          50     0.26203    0.295937  0.00515338
         0.5          51    0.290844    0.295837   0.0050533
         0.5          52    0.346082    0.296804  0.00504766
         0.5          53    0.265625    0.296215  0.00498658
         0.5          54    0.311194    0.296493  0.00490195
         0.5          55    0.337833    0.297244   0.0048701
         0.5          56    0.320373    0.297657  0.00480062
         0.5          57    0.291076    0.297542  0.00471778
         0.5          58    0.238956    0.296532  0.00474334
         0.5          59    0.230553    0.295413  0.00479296
         0.5          60    0.335337    0.296079  0.00475904
         0.5          61    0.185876    0.294272  0.00501222
         0.5          62    0.257432    0.293678  0.00496647
         0.5          63    0.310267    0.293941  0.00489461
         0.5          64    0.296094    0.293975  0.00481825
         0.5          65    0.254454    0.293367  0.00478233
         0.5          66    0.285724    0.293251  0.00471127
         0.5          67    0.333237    0.293848   0.0046786
         0.5          68    0.359275     0.29481   0.0047077
         0.5          69    0.287902     0.29471  0.00464053
         0.5          70    0.262065    0.294244  0.00459761
         0.5          71    0.213643    0.293108  0.00467091
         0.5          72     0.33535    0.293695  0.00464273
         0.5          73    0.328599    0.294173  0.00460369
         0.5          74    0.304228    0.294309  0.00454348
         0.5          75    0.228641    0.293434  0.00456649
         0.5          76    0.249938    0.292861  0.00454213
         0.5          77    0.240694    0.292184  0.00453338
         0.5          78    0.305922     0.29236  0.00447868
         0.5          79    0.304915    0.292519  0.00442481
         0.5          80    0.229097    0.291726  0.00443995
         0.5          81     0.25483    0.291271  0.00440844
         0.5          82    0.326487      0.2917  0.00437555
         0.5          83    0.308645    0.291904  0.00432759
         0.5          84    0.218674    0.291032    0.004363
         0.5          85     0.24741    0.290519  0.00434175
         0.5          86    0.296921    0.290594   0.0042919
         0.5          87    0.267404    0.290327  0.00425084
         0.5          88    0.244165    0.289802  0.00423478
         0.5          89    0.298855    0.289904  0.00418842
         0.5          90    0.311524    0.290144  0.00414876
         0.5          91    0.308685    0.290348  0.00410817
         0.5          92    0.370428    0.291219  0.00415471
         0.5          93    0.338406    0.291726   0.0041409
         0.5          94    0.224212    0.291008  0.00415867
         0.5          95    0.293639    0.291035  0.00411499
         0.5          96    0.375032     0.29191   0.0041641
         0.5          97    0.297391    0.291967  0.00412156
         0.5          98    0.372154    0.292785  0.00415993
         0.5          99    0.297135    0.292829  0.00411814
         0.5         100    0.306796    0.292969  0.00407933
         0.6           1    0.369845    0.369845           0
         0.6           2    0.332941    0.351393   0.0130475
         0.6           3    0.349285     0.35069  0.00871723
         0.6           4    0.349071    0.350285  0.00654732
         0.6           5     0.33282    0.346792  0.00609887
         0.6           6    0.370474    0.350739  0.00622996
         0.6           7    0.341922     0.34948  0.00546582
         0.6           8     0.33264    0.347375  0.00517204
         0.6           9    0.390025    0.352114  0.00641073
         0.6          10    0.338347    0.350737  0.00591563
         0.6          11    0.370629    0.352545  0.00564749
         0.6          12    0.393972    0.355998  0.00614204
         0.6          13    0.405225    0.359784  0.00673648
         0.6          14    0.339073    0.358305  0.00641568
         0.6          15     0.42794    0.362947  0.00748133
         0.6          16    0.379257    0.363967  0.00708285
         0.6          17    0.328659     0.36189  0.00696407
         0.6          18    0.326026    0.359897  0.00685628
         0.6          19    0.355088    0.359644  0.00650009
         0.6          20    0.373787    0.360351  0.00621343
         0.6          21    0.313351    0.358113  0.00630778
         0.6          22    0.413404    0.360626  0.00650249
         0.6          23     0.35142    0.360226  0.00623209
         0.6          24    0.358665    0.360161  0.00597276
         0.6          25    0.335127     0.35916  0.00581718
         0.6          26     0.34756    0.358713  0.00561053
         0.6          27    0.373843    0.359274  0.00543064
         0.6          28    0.386848    0.360259  0.00532523
         0.6          29    0.370656    0.360617  0.00515366
         0.6          30    0.338606    0.359883  0.00503382
         0.6          31     0.38659    0.360745  0.00494461
         0.6          32    0.380082    0.361349  0.00482688
         0.6          33    0.347605    0.360933  0.00469854
         0.6          34    0.411317    0.362415  0.00478834
         0.6          35    0.357309    0.362269  0.00465375
         0.6          36     0.33064     0.36139  0.00460667
         0.6          37    0.326362    0.360443  0.00457841
         0.6          38    0.356137     0.36033  0.00445932
         0.6          39    0.343799    0.359906  0.00436508
         0.6          40    0.433512    0.361746  0.00462759
         0.6          41    0.317415    0.360665  0.00463932
         0.6          42    0.343567    0.360258  0.00454669
         0.6          43    0.384206    0.360815  0.00447493
         0.6          44    0.347883    0.360521  0.00438287
         0.6          45    0.335519    0.359965  0.00432054
         0.6          46    0.366821    0.360114  0.00422919
         0.6          47    0.363602    0.360189  0.00413986
         0.6          48    0.342505     0.35982  0.00406997
         0.6          49    0.408477    0.360813  0.00410626
         0.6          50    0.412132     0.36184  0.00415042
         0.6          51    0.360895    0.361821  0.00406908
         0.6          52     0.36783    0.361937  0.00399247
         0.6          53    0.384213    0.362357  0.00393921
         0.6          54    0.416078    0.363352   0.0039899
         0.6          55    0.402939    0.364072  0.00398175
         0.6          56    0.311048    0.363125  0.00402165
         0.6          57     0.38323    0.363477  0.00396654
         0.6          58    0.401317     0.36413  0.00395144
         0.6          59    0.378485    0.364373  0.00389195
         0.6          60    0.369481    0.364458  0.00382801
         0.6          61     0.41209    0.365239  0.00384407
         0.6          62    0.402595    0.365842    0.003829
         0.6          63    0.389502    0.366217  0.00378659
         0.6          64    0.381509    0.366456  0.00373496
         0.6          65    0.407546    0.367088  0.00373061
         0.6          66     0.36628    0.367076  0.00367411
         0.6          67     0.34814    0.366793  0.00363012
         0.6          68    0.334116    0.366313  0.00360841
         0.6          69    0.364611    0.366288  0.00355619
         0.6          70    0.383122    0.366529  0.00351351
         0.6          71    0.382724    0.366757  0.00347142
         0.6          72    0.466067    0.368136  0.00368706
         0.6          73     0.41855    0.368827  0.00370067
         0.6          74    0.342061    0.368465  0.00366829
         0.6          75    0.392817     0.36879  0.00363372
         0.6          76    0.412762    0.369368  0.00363168
         0.6          77    0.366967    0.369337  0.00358465
         0.6          78    0.339651    0.368957  0.00355884
         0.6          79    0.403196     0.36939  0.00354008
         0.6          80    0.353509    0.369191  0.00350139
         0.6          81    0.389321     0.36944  0.00346697
         0.6          82    0.403507    0.369855   0.0034495
         0.6          83    0.378524     0.36996  0.00340952
         0.6          84    0.398009    0.370294  0.00338524
         0.6          85    0.319283    0.369694  0.00339819
         0.6          86    0.367284    0.369666  0.00335879
         0.6          87    0.413897    0.370174  0.00335844
         0.6          88    0.454195    0.371129  0.00345333
         0.6          89    0.368304    0.371097  0.00341468
         0.6          90    0.373808    0.371127  0.00337687
         0.6          91    0.387555    0.371308  0.00334458
         0.6          92    0.316226    0.370709  0.00336139
         0.6          93    0.394616    0.370966  0.00333506
         0.6          94    0.377514    0.371036  0.00330031
         0.6          95    0.342876    0.370739  0.00327885
         0.6          96    0.358346     0.37061  0.00324724
         0.6          97    0.446793    0.371396  0.00330738
         0.6          98    0.313099    0.370801  0.00332669
         0.6          99    0.341961    0.370509  0.00330582
         0.6         100    0.351973    0.370324  0.00327795
         0.7           1    0.443353    0.443353           0
         0.7           2    0.399311    0.421332   0.0155714
         0.7           3    0.371147    0.404604   0.0171558
         0.7           4    0.439103    0.413229   0.0148777
         0.7           5    0.417485     0.41408   0.0119265
         0.7           6    0.438516    0.418152   0.0106113
         0.7           7    0.417376    0.418042  0.00909602
         0.7           8     0.38726    0.414194    0.008735
         0.7           9    0.457634    0.419021  0.00899974
         0.7          10    0.400805    0.417199  0.00828205
         0.7          11    0.375767    0.413432  0.00834176
         0.7          12    0.421097    0.414071  0.00767103
         0.7          13    0.446544    0.416569   0.0074766
         0.7          14    0.429294    0.417478  0.00699758
         0.7          15    0.410191    0.416992  0.00654792
         0.7          16    0.419425    0.417144  0.00614044
         0.7          17    0.440526     0.41852  0.00593128
         0.7          18    0.434627    0.419415  0.00566887
         0.7          19     0.40937    0.418886   0.0053951
         0.7          20    0.422624    0.419073  0.00512858
         0.7          21    0.436108    0.419884   0.0049481
         0.7          22    0.429826    0.420336  0.00474378
         0.7          23    0.361292    0.417769  0.00518583
         0.7          24    0.432997    0.418403  0.00500842
         0.7          25    0.412631    0.418172  0.00481341
         0.7          26    0.434162    0.418787   0.0046674
         0.7          27    0.391565    0.417779  0.00460214
         0.7          28    0.390829    0.416817  0.00453732
         0.7          29    0.396089    0.416102   0.0044368
         0.7          30     0.37121    0.414605  0.00453423
         0.7          31     0.45151    0.415796  0.00454156
         0.7          32    0.433197     0.41634  0.00443207
         0.7          33    0.404184    0.415971  0.00431304
         0.7          34    0.388151    0.415153   0.0042631
         0.7          35    0.382133     0.41421  0.00424441
         0.7          36    0.431223    0.414682  0.00415274
         0.7          37    0.362518    0.413272  0.00427312
         0.7          38    0.398977    0.412896   0.0041772
         0.7          39    0.379924    0.412051  0.00415477
         0.7          40    0.413448    0.412086  0.00405104
         0.7          41    0.389153    0.411526  0.00399066
         0.7          42    0.378293    0.410735  0.00397332
         0.7          43    0.385179    0.410141  0.00392511
         0.7          44    0.446581    0.410969   0.0039223
         0.7          45    0.421951    0.411213  0.00384273
         0.7          46    0.390053    0.410753  0.00378662
         0.7          47    0.408323    0.410701  0.00370641
         0.7          48    0.427496    0.411051  0.00364567
         0.7          49    0.413712    0.411105  0.00357167
         0.7          50    0.394691    0.410777  0.00351529
         0.7          51    0.405498    0.410674  0.00344789
         0.7          52    0.451826    0.411465  0.00347122
         0.7          53    0.390521     0.41107  0.00342815
         0.7          54    0.453333    0.411853  0.00345285
         0.7          55    0.440415    0.412372   0.0034289
         0.7          56    0.422615    0.412555  0.00337254
         0.7          57     0.46419    0.413461  0.00343288
         0.7          58    0.405818    0.413329  0.00337622
         0.7          59    0.421788    0.413472  0.00332204
         0.7          60    0.368402    0.412721  0.00335052
         0.7          61    0.493001    0.414037  0.00354466
         0.7          62    0.394001    0.413714  0.00350218
         0.7          63    0.396057    0.413434  0.00345779
         0.7          64     0.41477    0.413455  0.00340382
         0.7          65    0.400367    0.413253  0.00335741
         0.7          66    0.409083     0.41319  0.00330713
         0.7          67    0.395595    0.412927  0.00326818
         0.7          68    0.420771    0.413043  0.00322216
         0.7          69    0.460093    0.413725  0.00324681
         0.7          70    0.454088    0.414301  0.00325122
         0.7          71     0.42586    0.414464   0.0032095
         0.7          72    0.394179    0.414182  0.00317727
         0.7          73    0.436139    0.414483  0.00314795
         0.7          74    0.418455    0.414537  0.00310587
         0.7          75    0.422117    0.414638   0.0030661
         0.7          76    0.403991    0.414498  0.00302895
         0.7          77    0.406675    0.414396  0.00299132
         0.7          78    0.436437    0.414679  0.00296629
         0.7          79    0.383127    0.414279  0.00295551
         0.7          80    0.403926     0.41415  0.00292139
         0.7          81    0.401906    0.413999  0.00288923
         0.7          82      0.4418    0.414338  0.00287382
         0.7          83    0.425137    0.414468  0.00284214
         0.7          84    0.426915    0.414616  0.00281217
         0.7          85    0.385288    0.414271  0.00280017
         0.7          86    0.395926    0.414058  0.00277572
         0.7          87    0.430382    0.414245  0.00275015
         0.7          88    0.414482    0.414248   0.0027189
         0.7          89    0.419765     0.41431  0.00268906
         0.7          90    0.381421    0.413945   0.0026839
         0.7          91    0.424019    0.414055  0.00265669
         0.7          92    0.421472    0.414136  0.00262903
         0.7          93    0.389725    0.413873  0.00261383
         0.7          94    0.423916     0.41398  0.00258821
         0.7          95    0.403037    0.413865  0.00256353
         0.7          96    0.414433    0.413871  0.00253683
         0.7          97     0.39512    0.413678  0.00251803
         0.7          98    0.390238    0.413439  0.00250367
         0.7          99    0.423976    0.413545  0.00248064
         0.7         100    0.440997    0.413819  0.00247098
         0.8           1    0.428901    0.428901           0
         0.8           2    0.453041    0.440971  0.00853501
         0.8           3    0.432883    0.438275  0.00610101
         0.8           4    0.461784    0.444152  0.00684429
         0.8           5    0.431487    0.441619  0.00592565
         0.8           6    0.413241     0.43689  0.00655945
         0.8           7    0.450691    0.438861   0.0059113
         0.8           8    0.444266    0.439537  0.00521085
         0.8           9    0.421267    0.437507   0.0050117
         0.8          10    0.438354    0.437592  0.00451124
         0.8          11    0.424597     0.43641    0.004253
         0.8          12    0.419294    0.434984  0.00413085
         0.8          13     0.45001     0.43614  0.00397152
         0.8          14    0.456684    0.437607  0.00394966
         0.8          15     0.47381    0.440021  0.00436188
         0.8          16    0.432872    0.439574  0.00411208
         0.8          17    0.430396    0.439034  0.00390548
         0.8          18     0.41226    0.437547  0.00396166
         0.8          19    0.443406    0.437855  0.00376513
         0.8          20    0.437315    0.437828  0.00357697
         0.8          21    0.434151    0.437653  0.00341092
         0.8          22     0.42757    0.437194  0.00328652
         0.8          23    0.424815    0.436656   0.0031874
         0.8          24    0.434057    0.436548  0.00305643
         0.8          25    0.471696    0.437954  0.00324145
         0.8          26    0.430074    0.437651  0.00313091
         0.8          27    0.438074    0.437666  0.00301499
         0.8          28    0.460786    0.438492  0.00301826
         0.8          29     0.42043    0.437869  0.00297775
         0.8          30     0.44827    0.438216   0.0028986
         0.8          31    0.453763    0.438718  0.00284815
         0.8          32    0.423421     0.43824  0.00279897
         0.8          33    0.453481    0.438701    0.002752
         0.8          34     0.43478    0.438586  0.00267347
         0.8          35    0.432457    0.438411  0.00260281
         0.8          36    0.423079    0.437985  0.00256512
         0.8          37    0.440761     0.43806  0.00249689
         0.8          38    0.435663    0.437997  0.00243198
         0.8          39    0.427723    0.437734  0.00238385
         0.8          40    0.445217    0.437921  0.00233158
         0.8          41    0.449826    0.438211  0.00229272
         0.8          42    0.452678    0.438555  0.00226386
         0.8          43     0.43848    0.438554  0.00221121
         0.8          44    0.444248    0.438683  0.00216474
         0.8          45    0.436214    0.438628  0.00211733
         0.8          46    0.426817    0.438372  0.00208681
         0.8          47    0.436931    0.438341  0.00204264
         0.8          48    0.414465    0.437843  0.00205976
         0.8          49    0.462425    0.438345  0.00207792
         0.8          50     0.45064    0.438591  0.00205086
         0.8          51    0.438359    0.438586  0.00201065
         0.8          52    0.450647    0.438818  0.00198532
         0.8          53    0.414059    0.438351  0.00200207
         0.8          54    0.444369    0.438463  0.00196809
         0.8          55    0.418629    0.438102  0.00196507
         0.8          56     0.41968    0.437773  0.00195732
         0.8          57    0.453097    0.438042  0.00194136
         0.8          58    0.434996    0.437989  0.00190859
         0.8          59    0.458294    0.438334  0.00190702
         0.8          60    0.442327      0.4384   0.0018764
         0.8          61     0.42733    0.438219  0.00185439
         0.8          62    0.423106    0.437975  0.00184043
         0.8          63    0.410567     0.43754  0.00186193
         0.8          64    0.466079    0.437986  0.00188547
         0.8          65    0.413173    0.437604  0.00189471
         0.8          66    0.431438    0.437511  0.00186831
         0.8          67    0.425368    0.437329  0.00184919
         0.8          68    0.415215    0.437004  0.00185038
         0.8          69    0.401708    0.436493  0.00189294
         0.8          70    0.469217     0.43696  0.00192276
         0.8          71    0.457692    0.437252  0.00191773
         0.8          72    0.408605    0.436854  0.00193192
         0.8          73    0.398007    0.436322  0.00197739
         0.8          74    0.416729    0.436057  0.00196832
         0.8          75    0.469881    0.436508  0.00199307
         0.8          76    0.411703    0.436182  0.00199339
         0.8          77    0.431263    0.436118  0.00196853
         0.8          78    0.409871    0.435782  0.00197184
         0.8          79    0.444502    0.435892  0.00194997
         0.8          80    0.444454    0.435999  0.00192853
         0.8          81    0.435995    0.435999  0.00190472
         0.8          82    0.425999    0.435877  0.00188539
         0.8          83    0.437609    0.435898  0.00186279
         0.8          84    0.430833    0.435838  0.00184159
         0.8          85    0.441397    0.435903  0.00182109
         0.8          86    0.464258    0.436233  0.00182951
         0.8          87    0.444816    0.436331  0.00181114
         0.8          88    0.420958    0.436157  0.00179897
         0.8          89    0.455727    0.436376  0.00179214
         0.8          90      0.4339    0.436349  0.00177244
         0.8          91    0.455167    0.436556  0.00176498
         0.8          92    0.428992    0.436474  0.00174771
         0.8          93    0.440097    0.436513  0.00172936
         0.8          94    0.446463    0.436618  0.00171419
         0.8          95    0.443399     0.43669  0.00169764
         0.8          96    0.438531    0.436709  0.00168006
         0.8          97    0.430759    0.436648  0.00166386
         0.8          98    0.482123    0.437112  0.00171037
         0.8          99    0.433008     0.43707  0.00169359
         0.8         100    0.408205    0.436782  0.00170108
         0.9           1    0.444076    0.444076           0
         0.9           2    0.428009    0.436043   0.0056805
         0.9           3    0.422419    0.431501  0.00529997
         0.9           4    0.446327    0.435208  0.00510919
         0.9           5    0.427341    0.433634  0.00432282
         0.9           6    0.420655    0.431471  0.00410809
         0.9           7    0.438365    0.432456  0.00363734
         0.9           8    0.441189    0.433548  0.00334248
         0.9           9    0.452494    0.435653  0.00357306
         0.9          10    0.456726     0.43776  0.00378652
         0.9          11    0.408071    0.435061  0.00429789
         0.9          12    0.455808     0.43679  0.00427335
         0.9          13    0.438589    0.436928  0.00394687
         0.9          14    0.433307     0.43667  0.00367342
         0.9          15    0.438671    0.436803  0.00343095
         0.9          16    0.444638    0.437293  0.00325127
         0.9          17    0.428504    0.436776  0.00310085
         0.9          18    0.431597    0.436488   0.0029419
         0.9          19    0.424815    0.435874  0.00285049
         0.9          20    0.454949    0.436828  0.00286309
         0.9          21    0.410584    0.435578  0.00298705
         0.9          22    0.435905    0.435593  0.00285131
         0.9          23    0.440015    0.435785  0.00273382
         0.9          24     0.44073    0.435991  0.00262766
         0.9          25    0.428551    0.435693  0.00253935
         0.9          26     0.42892    0.435433  0.00245501
         0.9          27    0.416462     0.43473  0.00246258
         0.9          28    0.434979    0.434739  0.00237465
         0.9          29    0.443605    0.435045  0.00231236
         0.9          30    0.420416    0.434557  0.00228612
         0.9          31    0.437237    0.434644  0.00221401
         0.9          32    0.432693    0.434583  0.00214566
         0.9          33     0.42081    0.434165  0.00212084
         0.9          34    0.447042    0.434544    0.002092
         0.9          35     0.40474    0.433693  0.00219872
         0.9          36    0.454254    0.434264  0.00221058
         0.9          37    0.425911    0.434038  0.00216233
         0.9          38    0.442744    0.434267  0.00211753
         0.9          39    0.418582    0.433865  0.00210109
         0.9          40    0.440439    0.434029  0.00205498
         0.9          41    0.401788    0.433243  0.00215005
         0.9          42    0.447691    0.433587  0.00212621
         0.9          43    0.430261     0.43351  0.00207817
         0.9          44    0.436733    0.433583  0.00203223
         0.9          45    0.441144    0.433751    0.001994
         0.9          46    0.426577    0.433595  0.00195674
         0.9          47    0.419687    0.433299  0.00193736
         0.9          48    0.424811    0.433122  0.00190505
         0.9          49    0.420782     0.43287  0.00188274
         0.9          50     0.42205    0.432654  0.00185748
         0.9          51    0.419927    0.432404  0.00183775
         0.9          52    0.432204      0.4324  0.00180241
         0.9          53    0.430945    0.432373  0.00176861
         0.9          54    0.457707    0.432842    0.001797
         0.9          55    0.441751    0.433004  0.00177162
         0.9          56    0.440733    0.433142  0.00174535
         0.9          57    0.443594    0.433326  0.00172433
         0.9          58    0.444281    0.433514  0.00170492
         0.9          59    0.447753    0.433756  0.00169301
         0.9          60    0.428081    0.433661  0.00166744
         0.9          61     0.43549    0.433691  0.00164037
         0.9          62    0.430711    0.433643  0.00161462
         0.9          63    0.449054    0.433888  0.00160741
         0.9          64      0.4313    0.433847  0.00158281
         0.9          65    0.443593    0.433997  0.00156554
         0.9          66    0.446549    0.434187  0.00155333
         0.9          67     0.45114     0.43444  0.00155061
         0.9          68    0.443373    0.434572  0.00153337
         0.9          69    0.429646      0.4345   0.0015128
         0.9          70    0.430028    0.434436  0.00149254
         0.9          71    0.421159    0.434249  0.00148319
         0.9          72    0.435727     0.43427  0.00146273
         0.9          73    0.453644    0.434535  0.00146657
         0.9          74    0.422026    0.434366  0.00145646
         0.9          75    0.428927    0.434294  0.00143885
         0.9          76    0.418472    0.434086   0.0014349
         0.9          77    0.430109    0.434034  0.00141719
         0.9          78    0.417321     0.43382  0.00141513
         0.9          79     0.44278    0.433933  0.00140175
         0.9          80    0.413602    0.433679  0.00140708
         0.9          81    0.467795      0.4341  0.00145138
         0.9          82    0.429893    0.434049  0.00143458
         0.9          83    0.417454    0.433849  0.00143117
         0.9          84    0.439129    0.433912  0.00141551
         0.9          85      0.4227     0.43378  0.00140499
         0.9          86    0.437797    0.433827  0.00138943
         0.9          87    0.428203    0.433762  0.00137496
         0.9          88    0.453571    0.433987  0.00137764
         0.9          89     0.44984    0.434165  0.00137362
         0.9          90    0.417956    0.433985  0.00137012
         0.9          91    0.426756    0.433906  0.00135736
         0.9          92    0.427382    0.433835  0.00134446
         0.9          93     0.44904    0.433998  0.00133991
         0.9          94    0.420627    0.433856  0.00133318
         0.9          95     0.42023    0.433713  0.00132684
         0.9          96    0.419287    0.433562   0.0013215
         0.9          97    0.443551    0.433665  0.00131188
         0.9          98    0.422879    0.433555  0.00130311
         0.9          99    0.443542    0.433656  0.00129384
         0.9         100    0.449885    0.433818  0.00129104
           1           1    0.406814    0.406814           0
           1           2    0.430216    0.418515  0.00827384
           1           3    0.428951    0.421994  0.00620418
           1           4    0.429768    0.423937  0.00494817
           1           5    0.416141    0.422378    0.004197
           1           6    0.425069    0.422827  0.00352139
           1           7    0.425096    0.423151  0.00303322
           1           8    0.425483    0.423442  0.00266805
           1           9    0.412898    0.422271   0.0026162
           1          10    0.424135    0.422457  0.00236121
           1          11    0.424777    0.422668  0.00215596
           1          12    0.430481    0.423319  0.00207228
           1          13    0.404298    0.421856  0.00237389
           1          14     0.40252    0.420475  0.00257495
           1          15    0.420681    0.420489  0.00240333
           1          16    0.437275    0.421538  0.00247154
           1          17    0.421677    0.421546  0.00232617
           1          18    0.424965    0.421736  0.00220468
           1          19    0.424355    0.421874  0.00209295
           1          20    0.415911    0.421576  0.00200942
           1          21    0.420497    0.421524  0.00191439
           1          22    0.419566    0.421435  0.00182944
           1          23     0.41232    0.421039  0.00179231
           1          24    0.445518    0.422059  0.00198677
           1          25    0.415094     0.42178  0.00192673
           1          26    0.420598    0.421735  0.00185316
           1          27    0.429695     0.42203  0.00180782
           1          28     0.40402    0.421387  0.00185415
           1          29     0.40213    0.420723  0.00190541
           1          30    0.406618    0.420252  0.00189902
           1          31    0.433854    0.420691  0.00188777
           1          32    0.422572     0.42075  0.00182969
           1          33    0.420551    0.420744  0.00177426
           1          34     0.42259    0.420798   0.0017229
           1          35    0.417881    0.420715  0.00167569
           1          36    0.410049    0.420419  0.00165513
           1          37    0.407668    0.420074  0.00164588
           1          38    0.409124    0.419786   0.0016276
           1          39    0.422036    0.419844  0.00158689
           1          40    0.419712     0.41984  0.00154722
           1          41    0.421028    0.419869  0.00150975
           1          42    0.435807    0.420249  0.00152075
           1          43    0.415394    0.420136  0.00148957
           1          44    0.427529    0.420304  0.00146516
           1          45    0.421855    0.420338  0.00143301
           1          46    0.424268    0.420424   0.0014044
           1          47    0.437871    0.420795  0.00142273
           1          48    0.428593    0.420957  0.00140234
           1          49    0.428324    0.421108  0.00138175
           1          50    0.407579    0.420837  0.00138036
           1          51    0.419004    0.420801  0.00135376
           1          52    0.429112    0.420961  0.00133712
           1          53    0.428329      0.4211   0.0013191
           1          54     0.41846    0.421051  0.00129558
           1          55    0.398094    0.420634  0.00133757
           1          56    0.428689    0.420778   0.0013214
           1          57    0.408685    0.420565  0.00131514
           1          58    0.425184    0.420645  0.00129487
           1          59     0.40504    0.420381  0.00129966
           1          60    0.419396    0.420364   0.0012781
           1          61    0.409507    0.420186  0.00126948
           1          62    0.421608    0.420209  0.00124921
           1          63     0.40717    0.420002  0.00124641
           1          64    0.416602    0.419949  0.00122806
           1          65    0.414261    0.419862  0.00121229
           1          66    0.415145     0.41979  0.00119602
           1          67    0.417513    0.419756  0.00117865
           1          68    0.398406    0.419442  0.00120241
           1          69    0.422204    0.419482  0.00118565
           1          70    0.423507     0.41954  0.00117011
           1          71    0.412494     0.41944  0.00115783
           1          72    0.386181    0.418978  0.00123045
           1          73    0.414624    0.418919  0.00121504
           1          74    0.429334     0.41906  0.00120674
           1          75    0.410109     0.41894  0.00119654
           1          76    0.417623    0.418923  0.00118092
           1          77    0.439064    0.419184   0.0011942
           1          78    0.395623    0.418882   0.0012165
           1          79    0.405579    0.418714   0.0012127
           1          80    0.420581    0.418737  0.00119776
           1          81    0.430254     0.41888  0.00119138
           1          82    0.419081    0.418882  0.00117686
           1          83    0.414717    0.418832  0.00116375
           1          84    0.420032    0.418846  0.00114998
           1          85    0.427139    0.418944  0.00114058
           1          86    0.426312    0.419029  0.00113054
           1          87    0.425693    0.419106  0.00112013
           1          88    0.413937    0.419047  0.00110894
           1          89    0.419162    0.419048  0.00109648
           1          90    0.409177    0.418939  0.00108977
           1          91    0.421496    0.418967  0.00107816
           1          92    0.411687    0.418888  0.00106934
           1          93    0.419736    0.418897  0.00105788
           1          94    0.421036     0.41892  0.00104687
           1          95    0.410649    0.418833  0.00103947
           1          96    0.440469    0.419058  0.00105279
           1          97    0.447484    0.419351  0.00108195
           1          98    0.411583    0.419272  0.00107381
           1          99    0.409195     0.41917  0.00106778
           1         100    0.449836    0.419477  0.00110026
         1.1           1    0.411649    0.411649           0
         1.1           2     0.41135      0.4115 0.000105903
         1.1           3    0.388387    0.403795  0.00629097
         1.1           4    0.388461    0.399962  0.00576922
         1.1           5    0.405421    0.401054  0.00471758
         1.1           6    0.385437    0.398451  0.00459352
         1.1           7    0.396087    0.398113   0.0039497
         1.1           8     0.38613    0.396615  0.00372924
         1.1           9    0.383247     0.39513  0.00359855
         1.1          10    0.400963    0.395713  0.00328563
         1.1          11    0.420388    0.397956  0.00367371
         1.1          12    0.392451    0.397498   0.0033961
         1.1          13    0.396512    0.397422  0.00313571
         1.1          14    0.390363    0.396918  0.00295199
         1.1          15     0.38765      0.3963   0.0028191
         1.1          16    0.398554    0.396441  0.00264643
         1.1          17     0.39354     0.39627  0.00249625
         1.1          18    0.386032    0.395701   0.0024215
         1.1          19    0.388087    0.395301  0.00232698
         1.1          20    0.405242    0.395798  0.00226309
         1.1          21    0.410948    0.396519   0.0022674
         1.1          22    0.395376    0.396467  0.00216493
         1.1          23    0.396977    0.396489  0.00207092
         1.1          24    0.397462     0.39653  0.00198503
         1.1          25    0.385257    0.396079  0.00195617
         1.1          26    0.395246    0.396047  0.00188119
         1.1          27    0.401756    0.396258  0.00182336
         1.1          28    0.395445    0.396229  0.00175848
         1.1          29    0.411548    0.396757  0.00177541
         1.1          30    0.389112    0.396503  0.00173442
         1.1          31    0.381343    0.396014  0.00174605
         1.1          32    0.411488    0.396497  0.00175718
         1.1          33    0.397776    0.396536  0.00170436
         1.1          34    0.407319    0.396853  0.00168348
         1.1          35    0.390816    0.396681  0.00164419
         1.1          36    0.395994    0.396662  0.00159863
         1.1          37    0.404265    0.396867  0.00156858
         1.1          38    0.405491    0.397094  0.00154363
         1.1          39    0.390282    0.396919   0.0015139
         1.1          40    0.398204    0.396951  0.00147639
         1.1          41    0.388795    0.396753  0.00145372
         1.1          42    0.380053    0.396355  0.00147248
         1.1          43    0.372866    0.395809  0.00153622
         1.1          44    0.400421    0.395914  0.00150488
         1.1          45    0.407054    0.396161  0.00149166
         1.1          46    0.391869    0.396068  0.00146215
         1.1          47     0.40594    0.396278  0.00144604
         1.1          48    0.392181    0.396192  0.00141844
         1.1          49     0.40485    0.396369  0.00140045
         1.1          50    0.394183    0.396325  0.00137312
         1.1          51    0.395566    0.396311  0.00134628
         1.1          52    0.413698    0.396645  0.00136128
         1.1          53    0.404938    0.396801  0.00134456
         1.1          54    0.393013    0.396731  0.00132149
         1.1          55    0.393033    0.396664  0.00129917
         1.1          56    0.406897    0.396847  0.00128876
         1.1          57    0.409083    0.397061   0.0012839
         1.1          58    0.394348    0.397015  0.00126262
         1.1          59    0.398173    0.397034  0.00124137
         1.1          60    0.399133    0.397069  0.00122118
         1.1          61    0.394685     0.39703  0.00120178
         1.1          62    0.411189    0.397259   0.0012039
         1.1          63    0.409413    0.397451  0.00120015
         1.1          64    0.404458    0.397561  0.00118638
         1.1          65     0.39581    0.397534  0.00116843
         1.1          66    0.392758    0.397462  0.00115297
         1.1          67    0.398083    0.397471   0.0011358
         1.1          68    0.387938    0.397331  0.00112771
         1.1          69    0.386841    0.397179  0.00112157
         1.1          70    0.396165    0.397164  0.00110564
         1.1          71    0.381327    0.396941  0.00111234
         1.1          72    0.402936    0.397024  0.00110001
         1.1          73    0.394466    0.396989   0.0010855
         1.1          74    0.385587    0.396835  0.00108171
         1.1          75    0.388763    0.396728  0.00107263
         1.1          76    0.402213      0.3968  0.00106094
         1.1          77     0.39083    0.396722  0.00104999
         1.1          78    0.399458    0.396757  0.00103711
         1.1          79    0.389446    0.396665  0.00102811
         1.1          80    0.422093    0.396983  0.00106325
         1.1          81    0.386795    0.396857  0.00105754
         1.1          82    0.400715    0.396904  0.00104569
         1.1          83    0.394512    0.396875  0.00103349
         1.1          84    0.397849    0.396887  0.00102125
         1.1          85    0.394181    0.396855  0.00100973
         1.1          86    0.390385     0.39678  0.00100079
         1.1          87    0.389881      0.3967 0.000992422
         1.1          88    0.384717    0.396564 0.000990443
         1.1          89    0.395763    0.396555 0.000979355
         1.1          90    0.401329    0.396608 0.000969908
         1.1          91    0.399796    0.396643 0.000959883
         1.1          92    0.394788    0.396623 0.000949661
         1.1          93    0.399465    0.396654 0.000939941
         1.1          94    0.404836    0.396741 0.000933964
         1.1          95     0.40223    0.396798 0.000925918
         1.1          96    0.389319    0.396721 0.000919545
         1.1          97    0.395124    0.396704 0.000910212
         1.1          98     0.40186    0.396757 0.000902444
         1.1          99    0.378952    0.396577 0.000911071
         1.1         100    0.387695    0.396488  0.00090628
         1.2           1     0.36005     0.36005           0
         1.2           2    0.374982    0.367516  0.00527918
         1.2           3      0.3744     0.36981  0.00398714
         1.2           4    0.366747    0.369045  0.00306303
         1.2           5    0.369989    0.369233  0.00245624
         1.2           6     0.37039    0.369426  0.00205442
         1.2           7    0.366131    0.368956  0.00181405
         1.2           8    0.374605    0.369662  0.00171926
         1.2           9    0.375152    0.370272  0.00163288
         1.2          10    0.382647    0.371509  0.00188096
         1.2          11    0.371013    0.371464   0.0017105
         1.2          12    0.367837    0.371162  0.00159444
         1.2          13    0.366312    0.370789  0.00151481
         1.2          14    0.364409    0.370333  0.00147355
         1.2          15    0.368621    0.370219  0.00137973
         1.2          16    0.366409    0.369981  0.00131388
         1.2          17    0.369651    0.369962  0.00123674
         1.2          18    0.363242    0.369588  0.00122308
         1.2          19    0.367058    0.369455  0.00116594
         1.2          20    0.363901    0.369177  0.00114023
         1.2          21    0.369786    0.369206   0.0010863
         1.2          22    0.379957    0.369695  0.00114156
         1.2          23    0.385494    0.370382  0.00128204
         1.2          24    0.361721    0.370021   0.0012784
         1.2          25    0.360937    0.369658  0.00127786
         1.2          26    0.378594    0.370001   0.0012741
         1.2          27     0.37628    0.370234  0.00124795
         1.2          28    0.367774    0.370146  0.00120647
         1.2          29    0.377349    0.370394  0.00119016
         1.2          30    0.372671     0.37047   0.0011529
         1.2          31    0.358035    0.370069  0.00118344
         1.2          32    0.378708    0.370339  0.00117685
         1.2          33    0.380336    0.370642  0.00117953
         1.2          34    0.379425      0.3709  0.00117278
         1.2          35    0.377512    0.371089  0.00115439
         1.2          36    0.370829    0.371082  0.00112234
         1.2          37    0.366808    0.370967  0.00109794
         1.2          38    0.379457     0.37119  0.00109154
         1.2          39    0.381494    0.371454  0.00109506
         1.2          40    0.363542    0.371256   0.0010854
         1.2          41    0.384018    0.371568  0.00110266
         1.2          42    0.365727    0.371429  0.00108514
         1.2          43    0.364239    0.371261  0.00107271
         1.2          44    0.374173    0.371328  0.00105037
         1.2          45    0.371779    0.371338  0.00102707
         1.2          46     0.37565    0.371431  0.00100902
         1.2          47    0.379816     0.37161  0.00100319
         1.2          48    0.363753    0.371446 0.000995557
         1.2          49    0.383882      0.3717  0.00100707
         1.2          50    0.369544    0.371657 0.000987848
         1.2          51    0.355352    0.371337   0.0010189
         1.2          52    0.369521    0.371302 0.000999903
         1.2          53    0.365311    0.371189 0.000987406
         1.2          54    0.375812    0.371275 0.000972824
         1.2          55    0.365629    0.371172 0.000960536
         1.2          56    0.368741    0.371129 0.000944364
         1.2          57    0.362096     0.37097 0.000940999
         1.2          58    0.378204    0.371095 0.000933004
         1.2          59    0.361297    0.370929 0.000931852
         1.2          60    0.380141    0.371082 0.000928884
         1.2          61     0.37582     0.37116 0.000916899
         1.2          62    0.369684    0.371136 0.000902419
         1.2          63    0.370635    0.371128  0.00088813
         1.2          64    0.371132    0.371128 0.000874253
         1.2          65    0.369908     0.37111 0.000861005
         1.2          66    0.366798    0.371044 0.000850433
         1.2          67    0.376374    0.371124 0.000841452
         1.2          68    0.371283    0.371126 0.000829081
         1.2          69    0.368316    0.371085 0.000818065
         1.2          70     0.38364    0.371265 0.000825804
         1.2          71    0.382441    0.371422 0.000829041
         1.2          72    0.361481    0.371284 0.000828944
         1.2          73    0.375496    0.371342 0.000819594
         1.2          74    0.378745    0.371442 0.000814602
         1.2          75    0.381505    0.371576 0.000814715
         1.2          76    0.377435    0.371653 0.000807635
         1.2          77     0.38001    0.371762 0.000804405
         1.2          78    0.385962    0.371944 0.000814434
         1.2          79    0.385063     0.37211 0.000820882
         1.2          80    0.369582    0.372078 0.000811229
         1.2          81    0.378135    0.372153 0.000804653
         1.2          82     0.36328    0.372045 0.000802082
         1.2          83    0.378106    0.372118 0.000795736
         1.2          84     0.37207    0.372117 0.000786264
         1.2          85    0.374768    0.372148 0.000777632
         1.2          86    0.373307    0.372162 0.000768706
         1.2          87    0.358478    0.372005 0.000775794
         1.2          88    0.384797     0.37215 0.000780479
         1.2          89    0.371594    0.372144 0.000771735
         1.2          90    0.375816    0.372184 0.000764238
         1.2          91    0.356675    0.372014 0.000774611
         1.2          92    0.387529    0.372183 0.000784334
         1.2          93    0.365204    0.372108 0.000779482
         1.2          94    0.375652    0.372145 0.000772101
         1.2          95    0.369691     0.37212 0.000764405
         1.2          96    0.367194    0.372068 0.000758163
         1.2          97     0.37519      0.3721  0.00075103
         1.2          98    0.371386    0.372093 0.000743401
         1.2          99    0.370665    0.372079 0.000736032
         1.2         100    0.354899    0.371907 0.000748452
         1.3           1     0.33471     0.33471           0
         1.3           2    0.343414    0.339062  0.00307749
         1.3           3    0.352231    0.343452  0.00412976
         1.3           4    0.351719    0.345519  0.00357733
         1.3           5     0.34752    0.345919  0.00288417
         1.3           6    0.342469    0.345344  0.00246013
         1.3           7    0.337938    0.344286  0.00232509
         1.3           8    0.334265    0.343033  0.00234776
         1.3           9    0.339786    0.342672  0.00211445
         1.3          10    0.353736    0.343779  0.00217325
         1.3          11    0.346642    0.344039   0.0019912
         1.3          12    0.340339    0.343731  0.00184899
         1.3          13    0.337204    0.343229  0.00177361
         1.3          14    0.345641    0.343401  0.00165527
         1.3          15    0.348629     0.34375  0.00158119
         1.3          16     0.33446    0.343169  0.00158537
         1.3          17    0.356439     0.34395   0.0016733
         1.3          18      0.3292     0.34313  0.00176964
         1.3          19    0.354736    0.343741  0.00177881
         1.3          20    0.335032    0.343306  0.00174236
         1.3          21    0.355432    0.343883  0.00175247
         1.3          22    0.343638    0.343872  0.00167285
         1.3          23    0.336654    0.343558  0.00162929
         1.3          24    0.349083    0.343788  0.00157758
         1.3          25    0.339088      0.3436  0.00152564
         1.3          26    0.332473    0.343172  0.00152581
         1.3          27    0.334181    0.342839   0.0015052
         1.3          28    0.354675    0.343262  0.00150963
         1.3          29    0.344219    0.343295  0.00145793
         1.3          30    0.341457    0.343234  0.00141062
         1.3          31    0.344056     0.34326  0.00136537
         1.3          32    0.354039    0.343597  0.00136361
         1.3          33    0.341926    0.343546  0.00132323
         1.3          34     0.34303    0.343531   0.0012844
         1.3          35    0.339627     0.34342  0.00125254
         1.3          36    0.353837    0.343709  0.00125073
         1.3          37    0.343812    0.343712  0.00121693
         1.3          38    0.351614     0.34392  0.00120254
         1.3          39    0.347773    0.344019  0.00117576
         1.3          40    0.339445    0.343904  0.00115191
         1.3          41    0.349817    0.344048   0.0011328
         1.3          42    0.359521    0.344417  0.00116419
         1.3          43    0.348793    0.344519  0.00114156
         1.3          44    0.353178    0.344715  0.00113245
         1.3          45    0.329385    0.344375  0.00115739
         1.3          46     0.34899    0.344475  0.00113657
         1.3          47     0.35302    0.344657  0.00112684
         1.3          48    0.337173    0.344501   0.0011141
         1.3          49    0.342481     0.34446  0.00109212
         1.3          50    0.342697    0.344425  0.00107085
         1.3          51    0.334379    0.344228  0.00106781
         1.3          52    0.333538    0.344022  0.00106688
         1.3          53    0.348821    0.344113  0.00105059
         1.3          54    0.342408    0.344081   0.0010316
         1.3          55    0.336793    0.343948  0.00102132
         1.3          56       0.341    0.343896  0.00100444
         1.3          57    0.334719    0.343735  0.00099964
         1.3          58    0.349567    0.343835 0.000987449
         1.3          59    0.342341     0.34381 0.000971037
         1.3          60    0.346827     0.34386 0.000956155
         1.3          61     0.34349    0.343854 0.000940499
         1.3          62    0.345677    0.343884  0.00092579
         1.3          63    0.355761    0.344072 0.000930094
         1.3          64     0.34352    0.344064 0.000915601
         1.3          65    0.340721    0.344012 0.000902958
         1.3          66    0.339809    0.343948  0.00089152
         1.3          67    0.344061     0.34395 0.000878215
         1.3          68    0.359962    0.344186 0.000896311
         1.3          69    0.344785    0.344194 0.000883363
         1.3          70    0.343759    0.344188 0.000870766
         1.3          71    0.348893    0.344254 0.000861019
         1.3          72    0.349357    0.344325 0.000851972
         1.3          73    0.350995    0.344417 0.000845187
         1.3          74    0.345857    0.344436 0.000833989
         1.3          75    0.338905    0.344362 0.000826124
         1.3          76     0.34323    0.344347 0.000815388
         1.3          77    0.336503    0.344246 0.000811139
         1.3          78    0.355897    0.344395 0.000814378
         1.3          79    0.348322    0.344445 0.000805585
         1.3          80    0.341898    0.344413 0.000796144
         1.3          81    0.346868    0.344443 0.000786892
         1.3          82     0.33334    0.344308 0.000788859
         1.3          83    0.341844    0.344278 0.000779913
         1.3          84    0.338602     0.34421 0.000773549
         1.3          85    0.337752    0.344134 0.000768171
         1.3          86     0.33286    0.344003 0.000770344
         1.3          87    0.341255    0.343972 0.000762137
         1.3          88     0.34631    0.343998  0.00075394
         1.3          89    0.351857    0.344087 0.000750621
         1.3          90    0.340796     0.34405 0.000743171
         1.3          91    0.338683    0.343991 0.000737341
         1.3          92      0.3477    0.344031 0.000730428
         1.3          93    0.335304    0.343938 0.000728578
         1.3          94     0.34863    0.343987 0.000722535
         1.3          95    0.342612    0.343973 0.000715074
         1.3          96    0.344857    0.343982 0.000707685
         1.3          97    0.344207    0.343985 0.000700393
         1.3          98    0.348321    0.344029 0.000694642
         1.3          99    0.353022     0.34412  0.00069354
         1.3         100    0.347423    0.344153  0.00068739
         1.4           1    0.323618    0.323618           0
         1.4           2    0.325097    0.324358 0.000522922
         1.4           3     0.31282    0.320512  0.00315961
         1.4           4    0.322648    0.321046  0.00241444
         1.4           5    0.308439    0.318525  0.00296928
         1.4           6    0.316387    0.318168  0.00249569
         1.4           7    0.326001    0.319287  0.00237683
         1.4           8    0.319711     0.31934  0.00208031
         1.4           9    0.325383    0.320012   0.0019545
         1.4          10       0.324    0.320411  0.00179929
         1.4          11    0.321962    0.320552  0.00164123
         1.4          12    0.322186    0.320688   0.0015101
         1.4          13    0.317351    0.320431  0.00141559
         1.4          14     0.32076    0.320455  0.00131467
         1.4          15    0.317246    0.320241   0.0012443
         1.4          16     0.32728    0.320681  0.00124187
         1.4          17    0.315257    0.320362  0.00120911
         1.4          18     0.31399    0.320008  0.00119263
         1.4          19    0.318664    0.319937  0.00113195
         1.4          20    0.320644    0.319972  0.00107591
         1.4          21    0.326745    0.320295  0.00107192
         1.4          22    0.316297    0.320113  0.00103848
         1.4          23    0.313161    0.319811  0.00103638
         1.4          24    0.311632     0.31947  0.00104773
         1.4          25    0.317949    0.319409  0.00100759
         1.4          26    0.318168    0.319361 0.000969966
         1.4          27    0.320636    0.319409 0.000935188
         1.4          28    0.309512    0.319055 0.000966272
         1.4          29    0.320547    0.319107  0.00093432
         1.4          30    0.317715     0.31906 0.000904327
         1.4          31    0.322546    0.319173 0.000882116
         1.4          32    0.314147    0.319016 0.000868418
         1.4          33    0.313115    0.318837 0.000860312
         1.4          34    0.325128    0.319022 0.000854676
         1.4          35     0.33331     0.31943  0.00092261
         1.4          36    0.308482    0.319126 0.000945774
         1.4          37    0.315742    0.319034 0.000924624
         1.4          38    0.312967    0.318875 0.000913975
         1.4          39    0.334041    0.319264 0.000969743
         1.4          40    0.317221    0.319213 0.000946844
         1.4          41    0.319097     0.31921 0.000923754
         1.4          42    0.320045     0.31923 0.000901974
         1.4          43    0.314238    0.319114 0.000888438
         1.4          44     0.32145    0.319167 0.000869831
         1.4          45    0.319325     0.31917 0.000850509
         1.4          46    0.325416    0.319306 0.000842788
         1.4          47    0.318813    0.319295 0.000824922
         1.4          48     0.31575    0.319222 0.000811036
         1.4          49    0.321406    0.319266 0.000795709
         1.4          50    0.315016    0.319181 0.000784321
         1.4          51    0.312156    0.319043 0.000780944
         1.4          52    0.322549    0.319111 0.000768829
         1.4          53    0.308255    0.318906 0.000781133
         1.4          54    0.320383    0.318933 0.000767147
         1.4          55    0.325415    0.319051 0.000762196
         1.4          56    0.325393    0.319164 0.000756951
         1.4          57    0.323999    0.319249 0.000748407
         1.4          58    0.328068    0.319401  0.00075079
         1.4          59    0.318416    0.319385 0.000738251
         1.4          60    0.321541    0.319421 0.000726821
         1.4          61    0.322714    0.319475 0.000716907
         1.4          62     0.31614    0.319421 0.000707359
         1.4          63    0.311192     0.31929 0.000708088
         1.4          64    0.315245    0.319227 0.000699839
         1.4          65    0.314252     0.31915 0.000693245
         1.4          66    0.322319    0.319198 0.000684401
         1.4          67    0.308678    0.319041 0.000691965
         1.4          68     0.30686    0.318862 0.000704595
         1.4          69    0.309059     0.31872 0.000708564
         1.4          70    0.308407    0.318573 0.000713594
         1.4          71     0.31237    0.318485  0.00070887
         1.4          72    0.319165    0.318495 0.000699088
         1.4          73    0.321399    0.318535 0.000690642
         1.4          74    0.313563    0.318468 0.000684569
         1.4          75    0.310439     0.31836  0.00068376
         1.4          76    0.309457    0.318243 0.000684726
         1.4          77    0.319409    0.318258 0.000676001
         1.4          78    0.319064    0.318269 0.000667413
         1.4          79    0.319446    0.318284 0.000659131
         1.4          80    0.319073    0.318294 0.000650966
         1.4          81    0.315565     0.31826   0.0006438
         1.4          82    0.316084    0.318233 0.000636496
         1.4          83    0.324828    0.318313 0.000633767
         1.4          84    0.318219    0.318312 0.000626224
         1.4          85    0.318684    0.318316 0.000618871
         1.4          86    0.323355    0.318375 0.000614443
         1.4          87    0.319497    0.318388 0.000607516
         1.4          88    0.315039    0.318349 0.000601803
         1.4          89    0.329908    0.318479 0.000608893
         1.4          90    0.318457    0.318479 0.000602127
         1.4          91    0.315526    0.318447 0.000596384
         1.4          92    0.316078    0.318421 0.000590458
         1.4          93    0.317472    0.318411 0.000584197
         1.4          94    0.322895    0.318458 0.000579926
         1.4          95    0.308167     0.31835 0.000583852
         1.4          96    0.322522    0.318394 0.000579385
         1.4          97    0.329733     0.31851 0.000585087
         1.4          98     0.31869    0.318512 0.000579119
         1.4          99    0.313909    0.318466 0.000575133
         1.4         100    0.318702    0.318468 0.000569387
         1.5           1    0.296014    0.296014           0
         1.5           2    0.298217    0.297116 0.000779008
         1.5           3    0.297318    0.297183 0.000522244
         1.5           4    0.285625    0.294294   0.0025328
         1.5           5    0.293131    0.294061  0.00203689
         1.5           6    0.288343    0.293108  0.00190738
         1.5           7    0.290552    0.292743  0.00166949
         1.5           8     0.29182    0.292627  0.00146478
         1.5           9    0.289951     0.29233  0.00133187
         1.5          10    0.293116    0.292409    0.001201
         1.5          11    0.282732    0.291529  0.00137678
         1.5          12    0.296689    0.291959   0.0013275
         1.5          13    0.295554    0.292236  0.00125385
         1.5          14    0.297063     0.29258  0.00121078
         1.5          15    0.296539    0.292844  0.00115846
         1.5          16    0.292058    0.292795   0.0010871
         1.5          17    0.288134    0.292521  0.00105716
         1.5          18    0.296436    0.292738  0.00102056
         1.5          19     0.28511    0.292337  0.00104283
         1.5          20    0.293222    0.292381 0.000991629
         1.5          21    0.294786    0.292496 0.000950999
         1.5          22    0.297584    0.292727 0.000935472
         1.5          23    0.298038    0.292958 0.000922864
         1.5          24    0.291785    0.292909 0.000885705
         1.5          25    0.298497    0.293133 0.000878027
         1.5          26    0.288833    0.292967 0.000859691
         1.5          27     0.29246    0.292948 0.000828056
         1.5          28    0.299072    0.293167  0.00082686
         1.5          29    0.300695    0.293427 0.000838102
         1.5          30    0.304698    0.293802 0.000890403
         1.5          31    0.289391     0.29366 0.000872977
         1.5          32    0.297523    0.293781 0.000854001
         1.5          33     0.29949    0.293954 0.000845464
         1.5          34    0.280317    0.293553 0.000910778
         1.5          35    0.297801    0.293674 0.000892806
         1.5          36    0.291015      0.2936 0.000871056
         1.5          37    0.289313    0.293484 0.000855187
         1.5          38    0.299065    0.293631 0.000845196
         1.5          39    0.300457    0.293806  0.00084145
         1.5          40    0.296815    0.293881  0.00082377
         1.5          41    0.301294    0.294062  0.00082328
         1.5          42    0.297193    0.294137 0.000807047
         1.5          43    0.291186    0.294068  0.00079119
         1.5          44    0.299177    0.294184 0.000781682
         1.5          45    0.286064    0.294004 0.000784866
         1.5          46    0.288358    0.293881 0.000777341
         1.5          47    0.296029    0.293927 0.000762145
         1.5          48    0.292256    0.293892 0.000747061
         1.5          49    0.295694    0.293929 0.000732719
         1.5          50     0.29881    0.294026 0.000724539
         1.5          51     0.29553    0.294056 0.000710931
         1.5          52    0.296632    0.294105 0.000698983
         1.5          53     0.29148    0.294056 0.000687548
         1.5          54    0.297661    0.294123 0.000678049
         1.5          55    0.285135    0.293959 0.000685131
         1.5          56     0.28125    0.293732 0.000709488
         1.5          57    0.298655    0.293819 0.000702278
         1.5          58    0.290705    0.293765 0.000692218
         1.5          59    0.282535    0.293575 0.000706169
         1.5          60    0.297572    0.293641 0.000697535
         1.5          61    0.298452     0.29372 0.000690544
         1.5          62    0.298967    0.293805 0.000684571
         1.5          63    0.299102    0.293889 0.000678849
         1.5          64    0.301484    0.294007 0.000678535
         1.5          65    0.288414    0.293921 0.000673531
         1.5          66    0.290625    0.293871 0.000665175
         1.5          67     0.28399    0.293724   0.0006714
         1.5          68    0.288575    0.293648 0.000665782
         1.5          69    0.298434    0.293718 0.000659735
         1.5          70    0.283285    0.293569 0.000666933
         1.5          71    0.292374    0.293552 0.000657752
         1.5          72    0.305285    0.293715 0.000668497
         1.5          73    0.301968    0.293828 0.000668831
         1.5          74    0.297645    0.293879 0.000661779
         1.5          75    0.281952     0.29372 0.000671791
         1.5          76    0.301435    0.293822 0.000670577
         1.5          77    0.283304    0.293685 0.000675637
         1.5          78    0.293355    0.293681 0.000666989
         1.5          79    0.296764     0.29372 0.000659687
         1.5          80    0.286983    0.293636 0.000656793
         1.5          81    0.294929    0.293652 0.000648878
         1.5          82    0.291374    0.293624 0.000641559
         1.5          83    0.290897    0.293591 0.000634671
         1.5          84    0.301426    0.293684 0.000633931
         1.5          85    0.293544    0.293683 0.000626475
         1.5          86    0.289493    0.293634 0.000621082
         1.5          87    0.290957    0.293603 0.000614705
         1.5          88    0.288917     0.29355 0.000610022
         1.5          89    0.287496    0.293482 0.000606948
         1.5          90    0.286537    0.293405  0.00060509
         1.5          91     0.29532    0.293426 0.000598806
         1.5          92    0.293926    0.293431 0.000592322
         1.5          93    0.289501    0.293389 0.000587459
         1.5          94    0.285585    0.293306 0.000587046
         1.5          95    0.293434    0.293307 0.000580868
         1.5          96    0.286937    0.293241 0.000578596
         1.5          97    0.295204    0.293261 0.000572985
         1.5          98    0.287574    0.293203  0.00057007
         1.5          99    0.282712    0.293097 0.000574076
         1.5         100    0.291468    0.293081 0.000568567
         1.6           1    0.272821    0.272821           0
         1.6           2    0.268975    0.270898  0.00135963
         1.6           3    0.271946    0.271247 0.000950256
         1.6           4    0.272036    0.271445 0.000732844
         1.6           5    0.276219    0.272399  0.00103594
         1.6           6    0.270318    0.272052  0.00091955
         1.6           7    0.273456    0.272253 0.000809759
         1.6           8    0.270572    0.272043 0.000735287
         1.6           9    0.264827    0.271241 0.000999327
         1.6          10    0.278516    0.271969  0.00113366
         1.6          11    0.282128    0.272892  0.00135556
         1.6          12    0.272684    0.272875  0.00124271
         1.6          13    0.272221    0.272824  0.00114813
         1.6          14    0.276387    0.273079  0.00109395
         1.6          15     0.27153    0.272976  0.00102588
         1.6          16    0.262475    0.272319  0.00115272
         1.6          17    0.260459    0.271622  0.00127873
         1.6          18    0.270128    0.271539  0.00121038
         1.6          19    0.261833    0.271028  0.00124983
         1.6          20    0.271094    0.271031  0.00118735
         1.6          21    0.277205    0.271325  0.00116663
         1.6          22    0.271068    0.271314  0.00111366
         1.6          23     0.28057    0.271716  0.00113563
         1.6          24    0.275278    0.271864  0.00109797
         1.6          25    0.269375    0.271765  0.00105855
         1.6          26    0.272442    0.271791  0.00101816
         1.6          27    0.266094     0.27158  0.00100208
         1.6          28    0.282776     0.27198  0.00104302
         1.6          29    0.266374    0.271786  0.00102481
         1.6          30    0.268906     0.27169 0.000995134
         1.6          31    0.264837    0.271469 0.000987284
         1.6          32     0.27498    0.271579 0.000962509
         1.6          33    0.265631    0.271399 0.000950071
         1.6          34    0.265646     0.27123 0.000937074
         1.6          35    0.273031    0.271281 0.000911713
         1.6          36    0.272417    0.271313 0.000886933
         1.6          37    0.278642    0.271511 0.000884808
         1.6          38    0.271597    0.271513 0.000861526
         1.6          39    0.267223    0.271403 0.000846428
         1.6          40    0.261944    0.271166 0.000857662
         1.6          41     0.27102    0.271163 0.000836751
         1.6          42    0.273057    0.271208 0.000818042
         1.6          43    0.265006    0.271064 0.000811636
         1.6          44    0.271176    0.271066 0.000793193
         1.6          45    0.265828     0.27095 0.000784064
         1.6          46    0.267949    0.270885 0.000769727
         1.6          47    0.272864    0.270927 0.000754502
         1.6          48     0.26092    0.270718 0.000767045
         1.6          49    0.274955    0.270805 0.000756248
         1.6          50    0.265179    0.270692 0.000749446
         1.6          51    0.270917    0.270697 0.000734764
         1.6          52    0.257552    0.270444  0.00076288
         1.6          53    0.283051    0.270682 0.000784698
         1.6          54    0.265235    0.270581 0.000776623
         1.6          55    0.272424    0.270614 0.000763225
         1.6          56    0.275322    0.270698 0.000754212
         1.6          57    0.273908    0.270755 0.000743078
         1.6          58    0.273944     0.27081 0.000732298
         1.6          59    0.264155    0.270697 0.000728521
         1.6          60     0.27681    0.270799 0.000723469
         1.6          61    0.271243    0.270806 0.000711646
         1.6          62    0.272077    0.270827 0.000700463
         1.6          63     0.27104     0.27083 0.000689352
         1.6          64     0.26646    0.270762 0.000681955
         1.6          65    0.264368    0.270663  0.00067852
         1.6          66    0.264533     0.27057 0.000674566
         1.6          67     0.27059    0.270571 0.000664498
         1.6          68      0.2753     0.27064 0.000658355
         1.6          69    0.260462    0.270493 0.000665135
         1.6          70    0.268841    0.270469 0.000656052
         1.6          71    0.270241    0.270466 0.000646819
         1.6          72     0.26818    0.270434 0.000638614
         1.6          73    0.261956    0.270318 0.000640341
         1.6          74    0.273942    0.270367 0.000633558
         1.6          75    0.267422    0.270328 0.000626326
         1.6          76    0.281587    0.270476 0.000635365
         1.6          77    0.271615    0.270491 0.000627286
         1.6          78    0.264895    0.270419 0.000623333
         1.6          79    0.267639    0.270384 0.000616435
         1.6          80    0.266749    0.270338 0.000610402
         1.6          81    0.274379    0.270388 0.000604901
         1.6          82     0.27149    0.270402 0.000597673
         1.6          83    0.279596    0.270512  0.00060065
         1.6          84    0.268333    0.270487  0.00059406
         1.6          85     0.26762    0.270453 0.000588027
         1.6          86    0.264849    0.270388  0.00058479
         1.6          87    0.262035    0.270292 0.000585897
         1.6          88    0.274435    0.270339 0.000581127
         1.6          89    0.273298    0.270372 0.000575548
         1.6          90    0.264012    0.270301 0.000573474
         1.6          91    0.273483    0.270336 0.000568237
         1.6          92    0.268618    0.270318 0.000562368
         1.6          93    0.270712    0.270322 0.000556337
         1.6          94    0.279583     0.27042 0.000559075
         1.6          95    0.267531     0.27039 0.000554016
         1.6          96     0.26431    0.270327 0.000551853
         1.6          97    0.270576    0.270329  0.00054617
         1.6          98    0.272122    0.270347 0.000540903
         1.6          99    0.270313    0.270347  0.00053544
         1.6         100    0.277347    0.270417 0.000534641
         1.7           1    0.246243    0.246243           0
         1.7           2     0.24326    0.244752  0.00105481
         1.7           3    0.245954    0.245152 0.000775562
         1.7           4    0.251077    0.246633  0.00140845
         1.7           5    0.255632    0.248433  0.00196485
         1.7           6    0.259175    0.250223  0.00231345
         1.7           7    0.250367    0.250244  0.00198305
         1.7           8    0.249747    0.250182  0.00173614
         1.7           9    0.245809    0.249696  0.00160979
         1.7          10    0.250353    0.249762  0.00145016
         1.7          11    0.254942    0.250233  0.00139268
         1.7          12    0.248415    0.250081  0.00128484
         1.7          13    0.257743    0.250671  0.00131425
         1.7          14    0.244446    0.250226  0.00129338
         1.7          15    0.247299    0.250031  0.00122179
         1.7          16    0.246678    0.249821  0.00116326
         1.7          17    0.245955    0.249594  0.00111684
         1.7          18     0.24654    0.249424   0.0010676
         1.7          19    0.248245    0.249362  0.00101321
         1.7          20     0.24769    0.249279 0.000965996
         1.7          21    0.255698    0.249584 0.000967154
         1.7          22    0.245148    0.249383 0.000943978
         1.7          23    0.251035    0.249454 0.000905664
         1.7          24     0.24615    0.249317 0.000878329
         1.7          25    0.251436    0.249401 0.000847277
         1.7          26    0.248686    0.249374 0.000815136
         1.7          27    0.244919    0.249209 0.000801474
         1.7          28    0.251302    0.249284 0.000776327
         1.7          29    0.250296    0.249319 0.000750342
         1.7          30    0.249783    0.249334  0.00072549
         1.7          31    0.249288    0.249333 0.000702089
         1.7          32    0.255341     0.24952 0.000704809
         1.7          33    0.247935    0.249472 0.000685086
         1.7          34    0.247142    0.249404 0.000668357
         1.7          35    0.246403    0.249318 0.000654739
         1.7          36    0.244898    0.249195 0.000647959
         1.7          37    0.252214    0.249277 0.000635564
         1.7          38    0.251671     0.24934 0.000621952
         1.7          39    0.250569    0.249371 0.000606803
         1.7          40    0.249082    0.249364 0.000591676
         1.7          41    0.252119    0.249431 0.000581047
         1.7          42    0.245595     0.24934 0.000574345
         1.7          43    0.252715    0.249419 0.000566327
         1.7          44    0.250515    0.249443 0.000554004
         1.7          45    0.248616    0.249425 0.000541998
         1.7          46    0.251246    0.249465 0.000531659
         1.7          47    0.246838    0.249409 0.000523275
         1.7          48    0.247541     0.24937 0.000513819
         1.7          49     0.25143    0.249412 0.000505049
         1.7          50    0.247753    0.249379 0.000496037
         1.7          51    0.251016    0.249411 0.000487349
         1.7          52    0.247112    0.249367 0.000479977
         1.7          53     0.25228    0.249422 0.000474058
         1.7          54    0.245587    0.249351 0.000470567
         1.7          55    0.252495    0.249408 0.000465472
         1.7          56    0.248696    0.249395 0.000457333
         1.7          57    0.259628    0.249575 0.000483262
         1.7          58    0.252945    0.249633  0.00047841
         1.7          59    0.249302    0.249627 0.000470335
         1.7          60    0.245182    0.249553 0.000468295
         1.7          61    0.248441    0.249535 0.000460973
         1.7          62    0.253426    0.249598 0.000457792
         1.7          63    0.249863    0.249602 0.000450544
         1.7          64    0.247978    0.249576 0.000444219
         1.7          65    0.260049    0.249737 0.000465687
         1.7          66    0.255592    0.249826 0.000467004
         1.7          67    0.252321    0.249863 0.000461516
         1.7          68    0.251871    0.249893 0.000455672
         1.7          69    0.245916    0.249835 0.000452698
         1.7          70    0.252603    0.249875 0.000447953
         1.7          71    0.248817     0.24986 0.000441892
         1.7          72    0.251721    0.249886  0.00043651
         1.7          73    0.246781    0.249843 0.000432596
         1.7          74    0.247056    0.249806 0.000428387
         1.7          75    0.254535    0.249869 0.000427291
         1.7          76    0.243241    0.249781 0.000430475
         1.7          77     0.24423    0.249709 0.000430879
         1.7          78    0.245856     0.24966 0.000428177
         1.7          79    0.246609    0.249621 0.000424495
         1.7          80    0.252891    0.249662 0.000421151
         1.7          81    0.250188    0.249669 0.000416002
         1.7          82     0.25468     0.24973 0.000415393
         1.7          83    0.250927    0.249744 0.000410638
         1.7          84    0.254428      0.2498 0.000409518
         1.7          85    0.246685    0.249763 0.000406338
         1.7          86    0.248457    0.249748 0.000401897
         1.7          87    0.252515     0.24978 0.000398534
         1.7          88    0.252765    0.249814 0.000395446
         1.7          89    0.247622    0.249789 0.000391769
         1.7          90    0.255681    0.249855 0.000392847
         1.7          91     0.24707    0.249824  0.00038972
         1.7          92    0.248525     0.24981  0.00038574
         1.7          93    0.253563     0.24985 0.000383697
         1.7          94    0.250728     0.24986 0.000379729
         1.7          95    0.249064    0.249851 0.000375824
         1.7          96    0.244449    0.249795 0.000376098
         1.7          97      0.2489    0.249786 0.000372334
         1.7          98    0.250384    0.249792 0.000368585
         1.7          99     0.25067    0.249801 0.000364969
         1.7         100    0.251535    0.249818  0.00036173
         1.8           1    0.225543    0.225543           0
         1.8           2     0.22985    0.227696  0.00152279
         1.8           3    0.231192    0.228861  0.00139137
         1.8           4    0.229994    0.229145  0.00107195
         1.8           5    0.226853    0.228686 0.000950473
         1.8           6    0.228871    0.228717 0.000792559
         1.8           7    0.231316    0.229088 0.000761318
         1.8           8    0.225448    0.228633 0.000790522
         1.8           9    0.235323    0.229377 0.000992433
         1.8          10    0.233742    0.229813 0.000984514
         1.8          11    0.227084    0.229565 0.000925755
         1.8          12    0.227234    0.229371 0.000868751
         1.8          13    0.226615    0.229159 0.000827381
         1.8          14    0.230503    0.229255 0.000773831
         1.8          15    0.222987    0.228837 0.000827414
         1.8          16     0.22981    0.228898 0.000777933
         1.8          17    0.232072    0.229084 0.000754249
         1.8          18    0.229698    0.229119 0.000713115
         1.8          19    0.232274    0.229285 0.000694651
         1.8          20    0.229667    0.229304 0.000660182
         1.8          21    0.233864    0.229521 0.000663499
         1.8          22    0.235578    0.229796 0.000688103
         1.8          23    0.228874    0.229756 0.000659352
         1.8          24    0.227719    0.229671 0.000637321
         1.8          25    0.231982    0.229764 0.000618491
         1.8          26    0.230553    0.229794 0.000595448
         1.8          27    0.228622    0.229751 0.000574973
         1.8          28    0.232729    0.229857 0.000564194
         1.8          29    0.224804    0.229683 0.000571011
         1.8          30    0.228941    0.229658 0.000552512
         1.8          31    0.224678    0.229497 0.000557555
         1.8          32    0.225972    0.229387 0.000550909
         1.8          33    0.228144     0.22935 0.000535501
         1.8          34    0.233242    0.229464  0.00053185
         1.8          35    0.227163    0.229398 0.000520702
         1.8          36    0.228076    0.229362 0.000507532
         1.8          37    0.229945    0.229377  0.00049406
         1.8          38    0.224834    0.229258 0.000495317
         1.8          39    0.229495    0.229264 0.000482654
         1.8          40    0.227987    0.229232 0.000471642
         1.8          41    0.235209    0.229378 0.000482145
         1.8          42    0.229697    0.229385 0.000470726
         1.8          43    0.227638    0.229345 0.000461529
         1.8          44    0.231316     0.22939 0.000453208
         1.8          45    0.235462    0.229524 0.000462792
         1.8          46     0.22755    0.229482 0.000454719
         1.8          47    0.226452    0.229417  0.00044959
         1.8          48    0.224431    0.229313 0.000452063
         1.8          49    0.227124    0.229269  0.00044504
         1.8          50    0.230751    0.229298 0.000437126
         1.8          51    0.230016    0.229312 0.000428781
         1.8          52    0.229469    0.229315 0.000420546
         1.8          53    0.227026    0.229272 0.000414824
         1.8          54    0.227788    0.229245 0.000408051
         1.8          55    0.228251    0.229227 0.000401032
         1.8          56    0.230809    0.229255 0.000394865
         1.8          57    0.234616    0.229349 0.000398983
         1.8          58    0.230137    0.229362 0.000392336
         1.8          59    0.226101    0.229307  0.00038956
         1.8          60    0.234349    0.229391 0.000392026
         1.8          61    0.230599    0.229411 0.000386099
         1.8          62    0.229148    0.229407 0.000379895
         1.8          63    0.223288     0.22931 0.000386079
         1.8          64    0.229071    0.229306 0.000380064
         1.8          65     0.22724    0.229274 0.000375543
         1.8          66    0.229647     0.22928 0.000369896
         1.8          67    0.223677    0.229196 0.000373706
         1.8          68    0.234604    0.229276 0.000376578
         1.8          69    0.217468    0.229105 0.000408155
         1.8          70    0.230012    0.229118  0.00040253
         1.8          71    0.230714     0.22914 0.000397488
         1.8          72    0.228528    0.229132 0.000392058
         1.8          73    0.236343     0.22923 0.000398939
         1.8          74     0.23109    0.229255 0.000394339
         1.8          75    0.230383     0.22927 0.000389368
         1.8          76    0.224448    0.229207 0.000389381
         1.8          77    0.232614    0.229251 0.000386831
         1.8          78     0.22917     0.22925 0.000381873
         1.8          79    0.235512    0.229329 0.000385176
         1.8          80    0.235354    0.229405 0.000387654
         1.8          81    0.232758    0.229446 0.000385072
         1.8          82    0.229427    0.229446 0.000380376
         1.8          83    0.235112    0.229514 0.000381869
         1.8          84    0.227632    0.229492  0.00037798
         1.8          85    0.227369    0.229467 0.000374358
         1.8          86    0.231038    0.229485  0.00037045
         1.8          87    0.230591    0.229498  0.00036641
         1.8          88    0.228591    0.229487 0.000362391
         1.8          89    0.230235    0.229496 0.000358417
         1.8          90    0.228447    0.229484 0.000354624
         1.8          91    0.235705    0.229553 0.000357254
         1.8          92    0.226487    0.229519 0.000354921
         1.8          93    0.234917    0.229577 0.000355819
         1.8          94    0.231887    0.229602 0.000352881
         1.8          95    0.237713    0.229687 0.000359348
         1.8          96    0.224988    0.229638 0.000358924
         1.8          97    0.232527    0.229668 0.000356457
         1.8          98    0.234322    0.229716 0.000355969
         1.8          99    0.225696    0.229675 0.000354681
         1.8         100    0.231776    0.229696 0.000351756
         1.9           1    0.209781    0.209781           0
         1.9           2    0.211575    0.210678 0.000634352
         1.9           3    0.208512    0.209956 0.000725525
         1.9           4    0.212006    0.210468 0.000702246
         1.9           5    0.214317    0.211238 0.000888596
         1.9           6    0.214717    0.211818 0.000910233
         1.9           7    0.210463    0.211624 0.000800528
         1.9           8    0.211343    0.211589 0.000701235
         1.9           9    0.213644    0.211817 0.000659436
         1.9          10    0.219675    0.212603 0.000952868
         1.9          11    0.208839    0.212261 0.000925657
         1.9          12    0.216387    0.212605 0.000910148
         1.9          13    0.217213    0.212959 0.000906536
         1.9          14    0.212478    0.212925 0.000842435
         1.9          15     0.20743    0.212559 0.000862243
         1.9          16    0.217301    0.212855 0.000857787
         1.9          17    0.207866    0.212562 0.000856054
         1.9          18    0.210184    0.212429 0.000818623
         1.9          19     0.21485    0.212557  0.00078539
         1.9          20    0.214531    0.212656 0.000752301
         1.9          21    0.212884    0.212666 0.000716555
         1.9          22    0.210097     0.21255 0.000693438
         1.9          23    0.209974    0.212438 0.000672272
         1.9          24    0.218179    0.212677 0.000685502
         1.9          25    0.211115    0.212614 0.000660921
         1.9          26     0.21215    0.212597 0.000635742
         1.9          27    0.211536    0.212557  0.00061341
         1.9          28    0.215303    0.212655 0.000599289
         1.9          29    0.215553    0.212755 0.000586895
         1.9          30    0.209171    0.212636 0.000579367
         1.9          31    0.212039    0.212616 0.000560997
         1.9          32    0.214055    0.212661 0.000545263
         1.9          33    0.217318    0.212803 0.000546698
         1.9          34    0.220116    0.213018 0.000571366
         1.9          35    0.212704    0.213009 0.000555111
         1.9          36    0.216008    0.213092 0.000545906
         1.9          37    0.215473    0.213156  0.00053493
         1.9          38    0.208065    0.213022 0.000537367
         1.9          39    0.218373     0.21316 0.000540818
         1.9          40     0.21003    0.213081 0.000532926
         1.9          41    0.214738    0.213122 0.000521458
         1.9          42    0.211517    0.213084 0.000510441
         1.9          43    0.210719    0.213029 0.000501523
         1.9          44    0.209964    0.212959 0.000494936
         1.9          45    0.213687    0.212975 0.000484202
         1.9          46    0.214417    0.213006  0.00047469
         1.9          47    0.212406    0.212994 0.000464762
         1.9          48    0.215001    0.213035 0.000456958
         1.9          49    0.210165    0.212977  0.00045137
         1.9          50     0.21032    0.212924 0.000445461
         1.9          51    0.206086     0.21279 0.000456458
         1.9          52    0.210812    0.212752 0.000449261
         1.9          53    0.214381    0.212782 0.000441836
         1.9          54    0.209105    0.212714 0.000438869
         1.9          55    0.208665    0.212641  0.00043702
         1.9          56    0.210984    0.212611 0.000430216
         1.9          57    0.217673      0.2127 0.000431737
         1.9          58    0.211278    0.212675 0.000424988
         1.9          59     0.21861    0.212776 0.000429522
         1.9          60    0.210772    0.212743  0.00042366
         1.9          61    0.212955    0.212746 0.000416729
         1.9          62     0.21345    0.212757 0.000410162
         1.9          63    0.213104    0.212763 0.000403689
         1.9          64     0.21022    0.212723 0.000399332
         1.9          65    0.211392    0.212703 0.000393713
         1.9          66     0.21088    0.212675 0.000388715
         1.9          67    0.215186    0.212713 0.000384716
         1.9          68    0.215414    0.212752 0.000381105
         1.9          69    0.209732    0.212709 0.000378086
         1.9          70    0.205885    0.212611 0.000385047
         1.9          71    0.215519    0.212652 0.000381795
         1.9          72    0.211599    0.212637 0.000376773
         1.9          73    0.210778    0.212612 0.000372472
         1.9          74    0.207032    0.212537 0.000374993
         1.9          75    0.212285    0.212533 0.000370008
         1.9          76    0.218323    0.212609 0.000372901
         1.9          77    0.212905    0.212613 0.000368078
         1.9          78    0.209792    0.212577 0.000365131
         1.9          79    0.209859    0.212543 0.000362127
         1.9          80    0.216646    0.212594 0.000361214
         1.9          81    0.215887    0.212635 0.000359035
         1.9          82    0.209984    0.212602 0.000356109
         1.9          83    0.209217    0.212561 0.000354146
         1.9          84    0.215802      0.2126 0.000352025
         1.9          85    0.213274    0.212608 0.000347973
         1.9          86    0.215429    0.212641 0.000345469
         1.9          87    0.210017    0.212611 0.000342812
         1.9          88    0.205821    0.212533  0.00034749
         1.9          89    0.217845    0.212593 0.000348673
         1.9          90    0.210932    0.212575 0.000345287
         1.9          91    0.217263    0.212626 0.000345315
         1.9          92    0.211486    0.212614 0.000341783
         1.9          93    0.216049    0.212651 0.000340099
         1.9          94    0.212059    0.212644 0.000336539
         1.9          95     0.21799    0.212701 0.000337667
         1.9          96    0.212845    0.212702 0.000334153
         1.9          97    0.216775    0.212744 0.000333335
         1.9          98    0.212331     0.21274 0.000329961
         1.9          99    0.217286    0.212786 0.000329807
         1.9         100    0.212534    0.212783 0.000326518
           2           1    0.195473    0.195473           0
           2           2    0.198435    0.196954  0.00104729
           2           3    0.193416    0.195775  0.00118953
           2           4    0.194715     0.19551  0.00092119
           2           5    0.198323    0.196072 0.000892362
           2           6    0.198458     0.19647 0.000827508
           2           7    0.194824    0.196235 0.000741942
           2           8    0.198311    0.196494 0.000693093
           2           9    0.194665    0.196291 0.000645203
           2          10     0.19185    0.195847 0.000717446
           2          11    0.194578    0.195732 0.000661439
           2          12    0.198475     0.19596 0.000644619
           2          13    0.199425    0.196227 0.000647798
           2          14    0.198188    0.196367 0.000616488
           2          15     0.19201    0.196076 0.000640166
           2          16    0.198125    0.196204 0.000612823
           2          17    0.193789    0.196062  0.00059302
           2          18    0.196764    0.196101 0.000561354
           2          19    0.195819    0.196087 0.000532005
           2          20    0.198796    0.196222 0.000522372
           2          21    0.197366    0.196276 0.000500329
           2          22     0.19589    0.196259 0.000477894
           2          23    0.191524    0.196053 0.000499495
           2          24    0.194627    0.195994 0.000482206
           2          25    0.194546    0.195936 0.000466383
           2          26    0.199298    0.196065 0.000466034
           2          27    0.192512    0.195933 0.000466987
           2          28    0.188997    0.195686 0.000511824
           2          29    0.194179    0.195634 0.000496806
           2          30    0.196573    0.195665 0.000481232
           2          31    0.191413    0.195528 0.000484866
           2          32    0.198968    0.195635 0.000481486
           2          33    0.197598    0.195695 0.000470553
           2          34    0.197901     0.19576 0.000461166
           2          35    0.194985    0.195738 0.000448521
           2          36    0.194023     0.19569 0.000438583
           2          37    0.195714    0.195691 0.000426729
           2          38    0.196976    0.195724 0.000416839
           2          39    0.203302    0.195919 0.000449159
           2          40    0.199599    0.196011 0.000447254
           2          41    0.193001    0.195937 0.000442327
           2          42     0.19619    0.195943 0.000431836
           2          43    0.193328    0.195883 0.000426057
           2          44    0.197428    0.195918 0.000417818
           2          45     0.19671    0.195935 0.000408905
           2          46    0.199771    0.196019 0.000408427
           2          47    0.197244    0.196045 0.000400569
           2          48    0.197545    0.196076 0.000393441
           2          49    0.199211     0.19614 0.000390579
           2          50    0.196753    0.196152  0.00038296
           2          51      0.1917    0.196065 0.000385274
           2          52    0.189258    0.195934 0.000399483
           2          53    0.193083     0.19588 0.000395552
           2          54    0.192639     0.19582 0.000392754
           2          55    0.199674     0.19589 0.000391812
           2          56    0.200969    0.195981  0.00039517
           2          57    0.197181    0.196002 0.000388798
           2          58    0.195026    0.195985 0.000382458
           2          59    0.198437    0.196027 0.000378227
           2          60    0.196882    0.196041 0.000372192
           2          61    0.199319    0.196095 0.000369949
           2          62    0.200339    0.196163  0.00037026
           2          63    0.197952    0.196192  0.00036547
           2          64    0.197252    0.196208 0.000360135
           2          65    0.193228    0.196162 0.000357502
           2          66    0.196318    0.196165 0.000352093
           2          67     0.19342    0.196124 0.000349212
           2          68    0.200704    0.196191 0.000350513
           2          69    0.194046     0.19616  0.00034681
           2          70    0.195589    0.196152 0.000341951
           2          71    0.199109    0.196193 0.000339663
           2          72    0.201453    0.196266  0.00034271
           2          73      0.1916    0.196203 0.000343926
           2          74    0.195807    0.196197  0.00033932
           2          75     0.20087     0.19626 0.000340468
           2          76    0.193403    0.196222 0.000338056
           2          77    0.194361    0.196198 0.000334529
           2          78    0.194992    0.196182 0.000330597
           2          79    0.194971    0.196167 0.000326768
           2          80    0.195149    0.196154 0.000322931
           2          81    0.196221    0.196155 0.000318945
           2          82    0.196803    0.196163 0.000315154
           2          83    0.193001    0.196125  0.00031365
           2          84    0.195371    0.196116 0.000310045
           2          85    0.199293    0.196153 0.000308642
           2          86    0.195056    0.196141 0.000305317
           2          87    0.195402    0.196132 0.000301926
           2          88    0.193133    0.196098 0.000300411
           2          89    0.195302    0.196089 0.000297169
           2          90    0.191361    0.196036 0.000298474
           2          91     0.19682    0.196045 0.000295318
           2          92    0.200359    0.196092 0.000295806
           2          93    0.196611    0.196098 0.000292678
           2          94    0.199738    0.196136 0.000292116
           2          95    0.192497    0.196098 0.000291542
           2          96    0.198969    0.196128 0.000290035
           2          97    0.194634    0.196112 0.000287454
           2          98    0.198253    0.196134 0.000285349
           2          99    0.199689     0.19617 0.000284717
           2         100    0.195003    0.196159 0.000282109
