#     BLOCK:   ACTUAL_X:     X_AVE:       ERROR:
         0.5           1     76.4877     76.4877           0
         0.5           2     140.776     108.632     22.7294
         0.5           3     160.951     126.072     20.7936
         0.5           4     64.4214     110.659     20.5273
         0.5           5     78.8769     104.303     17.3782
         0.5           6     77.7461     99.8766     15.0349
         0.5           7     75.2553     96.3592     13.2921
         0.5           8     126.778     100.162     12.1623
         0.5           9     96.4368     99.7477      10.818
         0.5          10     89.1591     98.6888     9.78785
         0.5          11     112.679     99.9607      8.9803
         0.5          12     113.848     101.118     8.30618
         0.5          13     122.172     102.738     7.82354
         0.5          14     116.622     103.729     7.32731
         0.5          15      82.187     102.293     6.97815
         0.5          16      99.019     102.089     6.54501
         0.5          17     129.429     103.697     6.35453
         0.5          18     45.3743     100.457     6.77741
         0.5          19     80.6328     99.4133     6.50052
         0.5          20     106.796     99.7824     6.18597
         0.5          21     128.075      101.13     6.03633
         0.5          22     104.193     101.269     5.76355
         0.5          23     118.124     102.002     5.55936
         0.5          24     52.2436     99.9285     5.70122
         0.5          25     115.107     100.536      5.5054
         0.5          26     101.816     100.585     5.29388
         0.5          27     121.753     101.369     5.15553
         0.5          28      68.876     100.208     5.10034
         0.5          29      106.63      100.43     4.92927
         0.5          30     124.933     101.247     4.83216
         0.5          31     82.5117     100.642     4.71392
         0.5          32     122.446     101.324     4.61559
         0.5          33     134.827     102.339     4.58602
         0.5          34     173.471     104.431     4.90519
         0.5          35      73.873     103.558     4.84212
         0.5          36     129.261     104.272     4.75997
         0.5          37     76.8304      103.53     4.68875
         0.5          38     179.323     105.525     4.97152
         0.5          39     128.911     106.124     4.88007
         0.5          40     126.653     106.638     4.78498
         0.5          41      85.362     106.119     4.69633
         0.5          42     111.769     106.253     4.58644
         0.5          43     87.7168     105.822     4.49999
         0.5          44     118.487      106.11     4.40691
         0.5          45     95.8544     105.882     4.31487
         0.5          46     79.3892     105.306     4.25933
         0.5          47     95.1946     105.091     4.17414
         0.5          48     88.4744     104.745     4.10151
         0.5          49     84.6745     104.335      4.0382
         0.5          50     145.302     105.155      4.0397
         0.5          51     113.875     105.326     3.96411
         0.5          52     95.1579      105.13      3.8927
         0.5          53     105.827     105.143     3.81927
         0.5          54     112.669     105.283     3.75109
         0.5          55     131.583     105.761     3.71324
         0.5          56     114.466     105.916     3.65018
         0.5          57     148.538     106.664     3.66193
         0.5          58     121.378     106.918     3.60757
         0.5          59     77.3463     106.416     3.58108
         0.5          60     100.776     106.322     3.52263
         0.5          61      74.955     105.808     3.50221
         0.5          62     83.5994      105.45     3.46399
         0.5          63     116.845     105.631     3.41373
         0.5          64      117.68     105.819     3.36557
         0.5          65     55.9712     105.052     3.40005
         0.5          66     96.7282     104.926     3.35087
         0.5          67     93.2817     104.752     3.30536
         0.5          68     111.226     104.848     3.25812
         0.5          69      66.251     104.288     3.25857
         0.5          70     80.5745     103.949     3.22958
         0.5          71     59.7951     103.328     3.24342
         0.5          72     102.682     103.319     3.19838
         0.5          73     78.4377     102.978     3.17268
         0.5          74     137.192      103.44     3.16331
         0.5          75     92.6553     103.296      3.1244
         0.5          76     87.9657     103.095      3.0898
         0.5          77      76.641     102.751     3.06871
         0.5          78     98.7084     102.699      3.0298
         0.5          79     75.3072     102.352     3.01123
         0.5          80     82.3726     102.103     2.98393
         0.5          81     65.5359     101.651     2.98104
         0.5          82     131.388     102.014     2.96666
         0.5          83     118.999     102.219     2.93797
         0.5          84     110.357     102.315     2.90459
         0.5          85       115.7     102.473     2.87468
         0.5          86     126.122     102.748     2.85438
         0.5          87     74.1316     102.419     2.84046
         0.5          88     56.7797       101.9     2.85514
         0.5          89     106.625     101.953     2.82355
         0.5          90     105.316     101.991     2.79242
         0.5          91     80.5718     101.755     2.77164
         0.5          92     138.812     102.158     2.77063
         0.5          93     131.278     102.471     2.75847
         0.5          94     106.129      102.51      2.7294
         0.5          95     85.3233     102.329     2.70666
         0.5          96     120.078     102.514     2.68477
         0.5          97     116.811     102.662     2.66114
         0.5          98     98.8385     102.623     2.63427
         0.5          99     83.4967     102.429     2.61473
         0.5         100      88.844     102.294     2.59211
         0.6           1     38.0743     38.0743           0
         0.6           2     36.9425     37.5084     0.40012
         0.6           3     54.9434     43.3201     4.75271
         0.6           4     33.1375     40.7744      4.1912
         0.6           5     39.9587     40.6113     3.35613
         0.6           6     38.1431     40.1999     2.82187
         0.6           7     41.7313     40.4187     2.42721
         0.6           8      40.809     40.4675      2.1243
         0.6           9     44.8606     40.9556     1.94354
         0.6          10     32.4237     40.1024     1.92738
         0.6          11      46.039     40.6421     1.82616
         0.6          12     52.2335      41.608     1.91247
         0.6          13     52.5492     42.4497     1.94173
         0.6          14      48.506     42.8823      1.8506
         0.6          15     59.8131      44.011     2.04264
         0.6          16     50.4785     44.4152     1.95456
         0.6          17     40.0122     44.1562     1.85667
         0.6          18     37.2402      43.772     1.79283
         0.6          19     44.7843     43.8253     1.69927
         0.6          20     44.7272     43.8704      1.6149
         0.6          21      37.385     43.5615     1.56725
         0.6          22     49.5246     43.8326     1.51927
         0.6          23     26.3795     43.0738     1.63175
         0.6          24     50.7019     43.3916     1.59442
         0.6          25     33.0354     42.9773     1.58354
         0.6          26     29.1076     42.4439     1.60998
         0.6          27     49.9081     42.7203     1.57391
         0.6          28     48.1688     42.9149     1.52968
         0.6          29     60.3878     43.5174     1.59117
         0.6          30     44.1959     43.5401      1.5383
         0.6          31     40.4893     43.4416     1.49182
         0.6          32     55.8784     43.8303     1.49497
         0.6          33     52.0116     44.0782     1.47008
         0.6          34     57.1768     44.4635     1.47646
         0.6          35     34.1958     44.1701     1.46313
         0.6          36     34.9545     43.9141      1.4447
         0.6          37     47.0135     43.9979     1.40809
         0.6          38     51.5318     44.1961     1.38492
         0.6          39     34.8151     43.9556     1.37014
         0.6          40     70.2761     44.6136     1.48551
         0.6          41     33.5772     44.3444     1.47346
         0.6          42     47.3873     44.4169     1.44016
         0.6          43     59.2248     44.7613     1.44726
         0.6          44     30.6222     44.4399      1.4496
         0.6          45     28.2008      44.079     1.46162
         0.6          46     44.5898     44.0901     1.42988
         0.6          47     48.7182     44.1886     1.40285
         0.6          48     31.1012      43.916     1.39987
         0.6          49     54.1136     44.1241     1.38668
         0.6          50     48.3628     44.2089     1.36154
         0.6          51     41.4757     44.1553     1.33589
         0.6          52     46.4951     44.2003     1.31096
         0.6          53     52.2539     44.3522       1.295
         0.6          54     54.2169     44.5349     1.28384
         0.6          55     60.2315     44.8203     1.29183
         0.6          56     36.9358     44.6795     1.27641
         0.6          57     44.0406     44.6683     1.25407
         0.6          58     47.0669     44.7096     1.23313
         0.6          59     45.0617     44.7156     1.21224
         0.6          60     65.3833     45.0601     1.24001
         0.6          61      56.887     45.2539     1.23475
         0.6          62     57.3045     45.4483     1.23004
         0.6          63     54.9054     45.5984     1.21964
         0.6          64     45.9746     45.6043     1.20059
         0.6          65     60.4944     45.8334     1.20378
         0.6          66     34.2274     45.6575     1.19831
         0.6          67     36.6509     45.5231     1.18795
         0.6          68     37.2972     45.4021     1.17662
         0.6          69     64.1556     45.6739     1.19054
         0.6          70     40.1148     45.5945     1.17618
         0.6          71     45.7228     45.5963     1.15962
         0.6          72     51.2746     45.6752     1.14619
         0.6          73     41.0774     45.6122     1.13222
         0.6          74     32.4589     45.4345     1.13078
         0.6          75     37.3415     45.3265     1.12084
         0.6          76     47.9845     45.3615     1.10664
         0.6          77     42.2209     45.3207     1.09302
         0.6          78     46.7123     45.3386     1.07915
         0.6          79     53.7343     45.4448     1.07071
         0.6          80     43.6384     45.4223     1.05757
         0.6          81     40.9023     45.3665     1.04598
         0.6          82     73.0849     45.7045     1.08647
         0.6          83      40.714     45.6444     1.07505
         0.6          84     43.8376     45.6229     1.06246
         0.6          85     39.8846     45.5554     1.05211
         0.6          86     39.8483      45.489     1.04196
         0.6          87     45.4919      45.489     1.02999
         0.6          88     66.1048     45.7233     1.04459
         0.6          89     50.8597      45.781     1.03444
         0.6          90     43.2472     45.7529     1.02333
         0.6          91     62.9836     45.9422     1.02945
         0.6          92     46.0315     45.9432     1.01826
         0.6          93     46.3849     45.9479     1.00733
         0.6          94      29.126      45.769     1.01238
         0.6          95     41.1265     45.7201      1.0029
         0.6          96     61.2498     45.8819     1.00542
         0.6          97     50.0108     45.9244    0.995954
         0.6          98     37.1833     45.8352    0.989778
         0.6          99     38.3304     45.7594    0.982679
         0.6         100     46.4492     45.7663    0.972876
         0.7           1     28.1826     28.1826           0
         0.7           2     22.6717     25.4271     1.94838
         0.7           3     18.1073     22.9872     2.37826
         0.7           4      22.559     22.8801      1.7861
         0.7           5     24.8567     23.2755     1.47198
         0.7           6     24.3666     23.4573     1.23783
         0.7           7     26.5016     23.8922     1.13482
         0.7           8     33.5449     25.0988     1.50329
         0.7           9     27.9736     25.4182     1.36977
         0.7          10     21.4962      25.026     1.28772
         0.7          11     22.2986     24.7781     1.19429
         0.7          12      27.451     25.0008     1.11534
         0.7          13     24.7682     24.9829     1.02969
         0.7          14     24.8012     24.9699    0.956221
         0.7          15     34.1049     25.5789     1.06895
         0.7          16     28.7469     25.7769     1.02031
         0.7          17     24.9372     25.7275     0.96149
         0.7          18     27.8334     25.8445    0.915164
         0.7          19     27.2807     25.9201    0.870113
         0.7          20     21.1315     25.6807    0.858918
         0.7          21     23.8282     25.5925    0.822535
         0.7          22     24.3225     25.5348     0.78717
         0.7          23     19.8253     25.2865    0.791118
         0.7          24     19.4536     25.0435    0.794611
         0.7          25     22.4623     24.9402    0.769505
         0.7          26     20.7265     24.7782    0.756783
         0.7          27      28.824      24.928    0.743441
         0.7          28      24.073     24.8975    0.717516
         0.7          29     21.3488     24.7751    0.703131
         0.7          30     23.7308     24.7403    0.680555
         0.7          31     26.1937     24.7872    0.660214
         0.7          32     28.5869     24.9059    0.650173
         0.7          33     20.6607     24.7773    0.643071
         0.7          34     26.8849     24.8393    0.627138
         0.7          35      20.957     24.7283    0.618952
         0.7          36     25.1869     24.7411     0.60189
         0.7          37     24.1263     24.7245    0.585852
         0.7          38     23.4383     24.6906    0.571411
         0.7          39     30.3594      24.836     0.57495
         0.7          40     19.6525     24.7064    0.574994
         0.7          41     19.6464      24.583    0.574062
         0.7          42     24.3016     24.5763    0.560433
         0.7          43     14.6121     24.3445    0.593376
         0.7          44     24.3362     24.3444     0.57989
         0.7          45     28.2485     24.4311    0.573457
         0.7          46     23.7843     24.4171    0.561163
         0.7          47     27.2357      24.477    0.552418
         0.7          48     23.9835     24.4667    0.541005
         0.7          49     28.3126     24.5452    0.535627
         0.7          50     24.0911     24.5362    0.524992
         0.7          51     24.1008     24.5276    0.514767
         0.7          52      26.824     24.5718    0.506759
         0.7          53     26.5468      24.609    0.498565
         0.7          54      28.216     24.6758    0.493787
         0.7          55      24.994     24.6816    0.484843
         0.7          56     20.9603     24.6152    0.480717
         0.7          57     26.9916     24.6569    0.474088
         0.7          58     28.9712     24.7312    0.471714
         0.7          59     19.7187     24.6463    0.471307
         0.7          60     27.7303     24.6977    0.466246
         0.7          61     25.1199     24.7046    0.458654
         0.7          62     24.5835     24.7027    0.451261
         0.7          63     25.8049     24.7202    0.444437
         0.7          64     28.9848     24.7868     0.44246
         0.7          65      24.691     24.7853    0.435655
         0.7          66     16.8854     24.6656    0.445194
         0.7          67     28.0649     24.7164    0.441431
         0.7          68     25.7946     24.7322    0.435224
         0.7          69     29.6807     24.8039    0.434785
         0.7          70     23.6156      24.787    0.428905
         0.7          71     26.7688     24.8149    0.423771
         0.7          72     21.3818     24.7672     0.42056
         0.7          73      23.031     24.7434    0.415471
         0.7          74      21.482     24.6993    0.412187
         0.7          75      17.514     24.6035    0.417677
         0.7          76     23.3692     24.5873    0.412497
         0.7          77     31.9548      24.683    0.418089
         0.7          78     23.0548     24.6621     0.41325
         0.7          79     17.3072      24.569    0.418375
         0.7          80     24.3636     24.5664    0.413153
         0.7          81     26.1425     24.5859     0.40851
         0.7          82     31.4325     24.6694    0.411973
         0.7          83     31.3465     24.7498     0.41479
         0.7          84     25.8948     24.7635    0.410076
         0.7          85     22.0962     24.7321     0.40645
         0.7          86     22.6071     24.7074    0.402474
         0.7          87      25.832     24.7203    0.398056
         0.7          88     26.9963     24.7462    0.394372
         0.7          89     31.6702      24.824     0.39754
         0.7          90     27.7532     24.8565    0.394453
         0.7          91     25.6659     24.8654    0.390219
         0.7          92      25.117     24.8681    0.385987
         0.7          93      20.411     24.8202      0.3848
         0.7          94     18.1249      24.749    0.387242
         0.7          95     20.3348     24.7025    0.385944
         0.7          96     25.3576     24.7093    0.381984
         0.7          97     18.9542       24.65    0.382626
         0.7          98     22.8537     24.6317     0.37916
         0.7          99     27.7736     24.6634    0.376656
         0.7         100     26.2511     24.6793    0.373224
         0.8           1     15.5889     15.5889           0
         0.8           2     15.8876     15.7382    0.105614
         0.8           3     16.1179     15.8648    0.125032
         0.8           4     16.7019      16.074    0.204058
         0.8           5     14.2686     15.7129    0.361884
         0.8           6     15.9299     15.7491    0.303372
         0.8           7     12.8047     15.3285    0.468264
         0.8           8     16.5683     15.4835    0.434622
         0.8           9     13.2766     15.2383     0.45022
         0.8          10     15.3581     15.2502    0.405358
         0.8          11     16.2097     15.3375    0.377774
         0.8          12     13.6602     15.1977    0.371251
         0.8          13     19.1932      15.505    0.452364
         0.8          14     15.4494     15.5011     0.42007
         0.8          15     18.2701     15.6857    0.430723
         0.8          16     15.5944       15.68    0.403841
         0.8          17     14.6986     15.6222     0.38419
         0.8          18     13.8727      15.525    0.374939
         0.8          19     18.3086     15.6715    0.382758
         0.8          20     17.2754     15.7517    0.371926
         0.8          21     15.8416      15.756     0.35424
         0.8          22     15.9104      15.763    0.338208
         0.8          23     13.5644     15.6674    0.336741
         0.8          24     15.9323     15.6785    0.322891
         0.8          25     15.0148     15.6519    0.311065
         0.8          26     15.2979     15.6383    0.299398
         0.8          27     13.8482      15.572     0.29556
         0.8          28     15.8956     15.5836     0.28523
         0.8          29     14.2879     15.5389    0.278871
         0.8          30     18.6346     15.6421    0.288035
         0.8          31     15.8205     15.6478    0.278801
         0.8          32     15.7892     15.6522    0.270124
         0.8          33      16.157     15.6675    0.262371
         0.8          34     16.6222     15.6956    0.256152
         0.8          35      15.408     15.6874    0.248965
         0.8          36     13.9868     15.6402     0.24649
         0.8          37      15.905     15.6473    0.239932
         0.8          38     14.9914     15.6301    0.234238
         0.8          39     14.6603     15.6052    0.229548
         0.8          40      17.059     15.6415    0.226669
         0.8          41     15.1793     15.6303     0.22142
         0.8          42     15.7293     15.6326    0.216161
         0.8          43     12.3472     15.5562    0.224231
         0.8          44     15.4519     15.5538    0.219148
         0.8          45     18.4122     15.6174    0.223294
         0.8          46     17.3761     15.6556    0.221688
         0.8          47     16.9836     15.6839    0.218765
         0.8          48     13.2466     15.6331    0.220021
         0.8          49     14.0626      15.601    0.217853
         0.8          50     12.6042     15.5411    0.221588
         0.8          51     15.4961     15.5402    0.217245
         0.8          52     14.7846     15.5257    0.213552
         0.8          53     15.8873     15.5325    0.209632
         0.8          54     15.9536     15.5403    0.205895
         0.8          55     12.9392      15.493    0.207511
         0.8          56     16.3681     15.5086    0.204393
         0.8          57     19.7845     15.5836    0.214131
         0.8          58     14.9614     15.5729    0.210708
         0.8          59     13.5957     15.5394    0.209785
         0.8          60     17.4832     15.5718    0.208775
         0.8          61     16.8718     15.5931    0.206437
         0.8          62      15.842     15.5971    0.203147
         0.8          63      14.833      15.585    0.200284
         0.8          64     19.0634     15.6394    0.204396
         0.8          65     14.0914     15.6155    0.202634
         0.8          66      19.775     15.6786    0.209134
         0.8          67     17.7857       15.71    0.208364
         0.8          68     13.5509     15.6783    0.207705
         0.8          69     14.1636     15.6563    0.205852
         0.8          70     15.5038     15.6541    0.202923
         0.8          71     17.8046     15.6844    0.202312
         0.8          72      14.957     15.6743    0.199755
         0.8          73     14.8836     15.6635    0.197312
         0.8          74     14.6244     15.6494    0.195144
         0.8          75     17.4156      15.673    0.193958
         0.8          76     14.5167     15.6578    0.192002
         0.8          77     14.6479     15.6447    0.189956
         0.8          78     15.6487     15.6447     0.18752
         0.8          79      16.961     15.6614    0.185885
         0.8          80     12.8522     15.6263    0.186849
         0.8          81     16.5871     15.6381    0.184918
         0.8          82     12.5561     15.6005    0.186444
         0.8          83     14.2766     15.5846    0.184879
         0.8          84     19.2192     15.6279    0.187673
         0.8          85     13.4452     15.6022    0.187213
         0.8          86     17.0978     15.6196    0.185842
         0.8          87     16.0861     15.6249    0.183784
         0.8          88     15.4603     15.6231    0.181705
         0.8          89     15.3167     15.6196    0.179696
         0.8          90     12.3545     15.5833    0.181324
         0.8          91       16.17     15.5898    0.179446
         0.8          92     15.5208      15.589    0.177497
         0.8          93     15.6312     15.5895    0.175589
         0.8          94     14.6696     15.5797    0.173994
         0.8          95     16.7576     15.5921    0.172604
         0.8          96      11.716     15.5517    0.175465
         0.8          97     14.9825     15.5459    0.173754
         0.8          98     13.5035      15.525    0.173226
         0.8          99      15.882     15.5286    0.171514
         0.8         100     16.0438     15.5338    0.169876
         0.9           1     10.6579     10.6579           0
         0.9           2     10.1216     10.3897    0.189592
         0.9           3     9.75776     10.1791    0.213449
         0.9           4     9.73274     10.0675    0.186992
         0.9           5     10.3042     10.1148     0.15547
         0.9           6     9.00489     9.92984    0.212845
         0.9           7        10.3     9.98272    0.188893
         0.9           8     10.0463     9.99067    0.165449
         0.9           9     9.87508     9.97783    0.147563
         0.9          10     12.2678     10.2068    0.254623
         0.9          11     8.86925     10.0852    0.258887
         0.9          12      9.2237     10.0134    0.247068
         0.9          13     9.06747     9.94066    0.238537
         0.9          14     12.3609     10.1135    0.277152
         0.9          15      9.6522     10.0828    0.260376
         0.9          16     9.84958     10.0682     0.24451
         0.9          17     9.98901     10.0636    0.230172
         0.9          18     9.48698     10.0315    0.219602
         0.9          19     10.0038     10.0301    0.208049
         0.9          20     11.0804     10.0826    0.204167
         0.9          21     10.5514     10.1049    0.195661
         0.9          22     10.5106     10.1233    0.187635
         0.9          23     11.5539     10.1855    0.189505
         0.9          24     11.2214     10.2287     0.18646
         0.9          25     11.5651     10.2822    0.186507
         0.9          26     10.3507     10.2848    0.179352
         0.9          27      10.379     10.2883    0.172743
         0.9          28     10.3524     10.2906    0.166589
         0.9          29     11.2829     10.3248    0.164322
         0.9          30     10.1621     10.3194    0.158934
         0.9          31       9.878     10.3051    0.154443
         0.9          32     9.72644      10.287    0.150672
         0.9          33     10.2609     10.2863    0.146108
         0.9          34     11.1272      10.311    0.143889
         0.9          35     9.33994     10.2832    0.142428
         0.9          36     10.8231     10.2982    0.139259
         0.9          37     8.75242     10.2565    0.141623
         0.9          38     10.6676     10.2673    0.138309
         0.9          39     10.0858     10.2626    0.134841
         0.9          40     9.56564     10.2452    0.132591
         0.9          41      9.3598     10.2236    0.131104
         0.9          42      10.753     10.2362    0.128587
         0.9          43     10.2792     10.2372      0.1256
         0.9          44     10.2684     10.2379    0.122748
         0.9          45     10.5513     10.2449    0.120217
         0.9          46     10.5657     10.2519    0.117806
         0.9          47     9.13894     10.2282    0.117655
         0.9          48     10.8356     10.2408    0.115883
         0.9          49      11.173     10.2599    0.115068
         0.9          50     11.2097     10.2789    0.114325
         0.9          51     9.53247     10.2642    0.113016
         0.9          52     10.4383     10.2676    0.110892
         0.9          53     11.6464     10.2936     0.11181
         0.9          54     9.94183     10.2871    0.109929
         0.9          55     9.96147     10.2811    0.108089
         0.9          56     9.32155      10.264    0.107509
         0.9          57     11.0065      10.277    0.106409
         0.9          58     11.1509     10.2921    0.105635
         0.9          59      10.363     10.2933    0.103852
         0.9          60      10.097       10.29    0.102173
         0.9          61     9.80283      10.282    0.100809
         0.9          62     9.53589       10.27   0.0998991
         0.9          63     10.4792     10.2733   0.0983686
         0.9          64     9.33494     10.2587   0.0979182
         0.9          65      10.493     10.2623   0.0964782
         0.9          66      10.501     10.2659   0.0950842
         0.9          67      9.8227     10.2593   0.0938948
         0.9          68     9.44744     10.2473   0.0932699
         0.9          69     8.43171      10.221   0.0955579
         0.9          70     9.98304     10.2176   0.0942532
         0.9          71     8.13102     10.1882   0.0973998
         0.9          72      11.913     10.2122   0.0989489
         0.9          73     10.6598     10.2183   0.0977832
         0.9          74     11.5907     10.2369   0.0982049
         0.9          75      9.8979     10.2324   0.0969994
         0.9          76     10.0168     10.2295   0.0957646
         0.9          77     10.7603     10.2364   0.0947687
         0.9          78     9.70729     10.2296   0.0937961
         0.9          79     9.78674      10.224   0.0927762
         0.9          80     8.93856      10.208   0.0929976
         0.9          81     10.3135     10.2093   0.0918586
         0.9          82     10.7943     10.2164    0.091015
         0.9          83     10.6173     10.2212   0.0900465
         0.9          84     10.4843     10.2244    0.089029
         0.9          85     10.2019     10.2241    0.087982
         0.9          86     10.0162     10.2217   0.0869921
         0.9          87     10.8083     10.2284   0.0862532
         0.9          88     10.1187     10.2272    0.085282
         0.9          89     8.89816     10.2122   0.0856212
         0.9          90      10.097      10.211   0.0846794
         0.9          91      9.6372     10.2046   0.0839833
         0.9          92     11.5203     10.2189   0.0842792
         0.9          93     11.5365     10.2331   0.0845553
         0.9          94     10.5515     10.2365   0.0837236
         0.9          95     11.3297      10.248   0.0836294
         0.9          96     8.46772     10.2295   0.0847895
         0.9          97     9.48274     10.2218   0.0842641
         0.9          98     9.99861     10.2195    0.083435
         0.9          99     9.44669     10.2117   0.0829566
         0.9         100     11.7656     10.2272   0.0835698
           1           1     8.18083     8.18083           0
           1           2      7.3945     7.78767     0.27801
           1           3     7.30813     7.62782    0.226681
           1           4     8.88531      7.9422    0.320977
           1           5     7.59794     7.87335    0.264062
           1           6     6.73881     7.68426    0.279676
           1           7     7.92111     7.71809     0.24176
           1           8     6.76121     7.59848    0.239307
           1           9     6.96095     7.52765    0.222955
           1          10      7.3952      7.5144    0.201052
           1          11     7.06949     7.47395    0.186799
           1          12     7.23488     7.45403    0.172292
           1          13     7.47548     7.45568    0.159046
           1          14     6.95267     7.41975     0.15169
           1          15     7.62671     7.43355    0.142203
           1          16     6.75913      7.3914    0.139423
           1          17     7.68274     7.40854    0.132271
           1          18     7.89613     7.43562    0.127666
           1          19     6.84327     7.40445    0.124695
           1          20     7.35595     7.40202    0.118484
           1          21      8.0094     7.43095    0.116319
           1          22     7.29509     7.42477    0.111195
           1          23     6.59242     7.38858    0.112095
           1          24     6.89672     7.36809    0.109282
           1          25     8.11398     7.39792    0.108907
           1          26     7.75829     7.41178    0.105597
           1          27     7.62531     7.41969    0.101982
           1          28      6.8602     7.39971    0.100278
           1          29     7.20426     7.39297   0.0970462
           1          30       6.058     7.34847    0.103512
           1          31     7.40737     7.35037     0.10019
           1          32     8.39451       7.383    0.102235
           1          33     7.21007     7.37776   0.0992708
           1          34     7.76759     7.38923   0.0970109
           1          35     8.19819     7.41234   0.0969535
           1          36     7.97996     7.42811   0.0955338
           1          37     7.47723     7.42943    0.092961
           1          38      6.6919     7.41002   0.0925186
           1          39     7.24906      7.4059   0.0902384
           1          40     6.70333     7.38833   0.0896755
           1          41     7.28267     7.38576   0.0875253
           1          42     7.28184     7.38328   0.0854764
           1          43     7.10126     7.37672   0.0837398
           1          44     7.53479     7.38032   0.0819136
           1          45     7.18359     7.37594   0.0802099
           1          46     7.19266     7.37196   0.0785651
           1          47      7.4032     7.37262   0.0768963
           1          48     7.30341     7.37118   0.0753078
           1          49     7.71297     7.37816   0.0740933
           1          50     7.84964     7.38759    0.073209
           1          51     6.47113     7.36962    0.073946
           1          52     7.31019     7.36847   0.0725328
           1          53     7.02887     7.36207   0.0714467
           1          54     7.85503      7.3712   0.0707045
           1          55     7.61016     7.37554   0.0695523
           1          56     6.98949     7.36865   0.0686511
           1          57      8.3261     7.38544   0.0694713
           1          58     7.73797     7.39152   0.0685388
           1          59     7.20238     7.38832   0.0674521
           1          60      8.0992     7.40016   0.0673604
           1          61     7.39938     7.40015   0.0662562
           1          62     7.38137     7.39985   0.0651882
           1          63     7.12122     7.39543   0.0643033
           1          64     6.91627     7.38794   0.0637329
           1          65     8.10872     7.39903   0.0637098
           1          66     8.10527     7.40973   0.0636368
           1          67     8.34244     7.42365   0.0641916
           1          68     6.81398     7.41468   0.0638707
           1          69     6.97317     7.40829   0.0632647
           1          70      6.7202     7.39846     0.06312
           1          71     7.06369     7.39374   0.0624068
           1          72     7.56304     7.39609   0.0615843
           1          73      7.5186     7.39777   0.0607636
           1          74     7.70937     7.40198   0.0600882
           1          75     7.81827     7.40753   0.0595428
           1          76     7.33549     7.40658   0.0587669
           1          77     7.09888     7.40259   0.0581394
           1          78     7.49929     7.40383   0.0574072
           1          79     6.80847     7.39629   0.0571731
           1          80     7.27117     7.39473   0.0564798
           1          81     7.72198     7.39877   0.0559268
           1          82      6.6998     7.39024   0.0558906
           1          83     7.51522     7.39175   0.0552375
           1          84      7.2934     7.39058   0.0545923
           1          85     7.53696      7.3923   0.0539772
           1          86     7.82955     7.39738   0.0535885
           1          87     8.34145     7.40824     0.05406
           1          88     6.78025      7.4011   0.0539147
           1          89     6.60076     7.39211   0.0540536
           1          90     7.19905     7.38996   0.0534956
           1          91     7.88569     7.39541   0.0531844
           1          92     7.03425     7.39148    0.052751
           1          93     6.87964     7.38598   0.0524701
           1          94     7.25092     7.38454   0.0519316
           1          95      7.7427     7.38831   0.0515216
           1          96     7.35294     7.38795   0.0509862
           1          97     6.81799     7.38207    0.050798
           1          98     6.54621     7.37354   0.0509907
           1          99     6.45888      7.3643   0.0513058
           1         100      8.3335     7.37399   0.0517001
         1.1           1     5.53757     5.53757           0
         1.1           2     5.88248     5.71003    0.121947
         1.1           3     5.88497     5.76834   0.0942146
         1.1           4     5.52165     5.70667   0.0885757
         1.1           5     5.43154     5.65164   0.0862755
         1.1           6     5.62219     5.64673   0.0720357
         1.1           7     6.24752     5.73256     0.10063
         1.1           8     5.18275     5.66383    0.109022
         1.1           9     5.55135     5.65134   0.0976225
         1.1          10      5.2286     5.60906   0.0965804
         1.1          11     5.38477     5.58867    0.089927
         1.1          12     5.45421     5.57747   0.0831282
         1.1          13     5.46089      5.5685   0.0772159
         1.1          14     5.46748     5.56128   0.0720368
         1.1          15     5.64605     5.56694   0.0674557
         1.1          16     6.05176     5.59724   0.0697142
         1.1          17     5.57907     5.59617   0.0656216
         1.1          18     5.81008     5.60805   0.0630429
         1.1          19     4.95839     5.57386   0.0683715
         1.1          20     5.96981     5.59366   0.0677586
         1.1          21     5.23094     5.57639   0.0666971
         1.1          22     5.43589        5.57   0.0639704
         1.1          23      5.8691       5.583   0.0624969
         1.1          24     5.54927      5.5816   0.0599087
         1.1          25     5.50746     5.57863   0.0575857
         1.1          26     4.68826     5.54439   0.0647576
         1.1          27     5.97474     5.56033   0.0642909
         1.1          28     5.34767     5.55273   0.0624418
         1.1          29     6.55362     5.58724   0.0691723
         1.1          30     5.75963     5.59299   0.0671048
         1.1          31      5.1174     5.57765   0.0666709
         1.1          32     5.66491     5.58038   0.0646431
         1.1          33     5.24744     5.57029   0.0634667
         1.1          34     5.45075     5.56677   0.0616973
         1.1          35     5.41874     5.56254   0.0600793
         1.1          36     5.57998     5.56303   0.0584124
         1.1          37     5.02021     5.54836   0.0586471
         1.1          38     5.90774     5.55781   0.0578612
         1.1          39     5.19334     5.54847   0.0571273
         1.1          40     5.49936     5.54724   0.0557123
         1.1          41      5.6393     5.54949   0.0543987
         1.1          42     5.04183      5.5374   0.0544298
         1.1          43     5.68421     5.54081    0.053271
         1.1          44      5.3589     5.53668   0.0522204
         1.1          45     5.36645      5.5329   0.0511968
         1.1          46     5.43916     5.53086   0.0501244
         1.1          47     5.25475     5.52498   0.0494009
         1.1          48     5.69292     5.52848   0.0484955
         1.1          49     5.69066     5.53179   0.0476186
         1.1          50     5.60723      5.5333   0.0466901
         1.1          51     5.67733     5.53612     0.04586
         1.1          52     5.38901      5.5333   0.0450652
         1.1          53     5.13993     5.52587   0.0448219
         1.1          54     5.15706     5.51904   0.0445092
         1.1          55     6.60035      5.5387   0.0478454
         1.1          56     5.64777     5.54065   0.0470306
         1.1          57     5.51777     5.54025   0.0462072
         1.1          58     5.41535      5.5381   0.0454607
         1.1          59     5.16995     5.53186   0.0451164
         1.1          60     5.48773     5.53112   0.0443704
         1.1          61     5.68868      5.5337   0.0437182
         1.1          62     5.33458     5.53049   0.0431308
         1.1          63     5.91234     5.53655     0.04287
         1.1          64     6.29031     5.54833    0.043788
         1.1          65     5.66696     5.55016   0.0431524
         1.1          66     5.37375     5.54748   0.0425812
         1.1          67     6.00775     5.55435   0.0424962
         1.1          68     5.87315     5.55904   0.0421291
         1.1          69     5.80175     5.56256   0.0416651
         1.1          70     5.79772     5.56592   0.0412051
         1.1          71     5.62234     5.56671   0.0406324
         1.1          72     5.67215     5.56818   0.0400945
         1.1          73     5.63407     5.56908   0.0395554
         1.1          74     5.35427     5.56618   0.0391272
         1.1          75     5.55923     5.56608   0.0386056
         1.1          76       5.595     5.56646   0.0380996
         1.1          77     5.28946     5.56287   0.0377742
         1.1          78     5.35618     5.56022   0.0373827
         1.1          79     5.85568     5.56396   0.0370962
         1.1          80     5.92438     5.56846    0.036905
         1.1          81     5.16276     5.56345   0.0367877
         1.1          82     5.67083     5.56476   0.0363624
         1.1          83     5.49282      5.5639   0.0359346
         1.1          84     5.69493     5.56546   0.0355407
         1.1          85     5.66427     5.56662   0.0351415
         1.1          86     5.75791     5.56884   0.0348032
         1.1          87     4.96517      5.5619   0.0350881
         1.1          88     5.87682     5.56548   0.0348714
         1.1          89     5.71329     5.56714   0.0345191
         1.1          90     5.73346     5.56899    0.034185
         1.1          91     5.18529     5.56478   0.0340684
         1.1          92     5.71418      5.5664   0.0337367
         1.1          93     5.69052     5.56773   0.0334004
         1.1          94     5.94424     5.57174   0.0332843
         1.1          95       6.075     5.57704   0.0333529
         1.1          96      5.4385     5.57559   0.0330367
         1.1          97     5.90956     5.57904    0.032875
         1.1          98     5.37872     5.57699    0.032603
         1.1          99     5.63602     5.57759   0.0322791
         1.1         100     5.48396     5.57665   0.0319699
         1.2           1     4.48982     4.48982           0
         1.2           2     4.34362     4.41672   0.0516908
         1.2           3     4.59553     4.47632   0.0596311
         1.2           4     4.20246     4.40786   0.0742686
         1.2           5     4.64418     4.45512   0.0729199
         1.2           6     4.79138     4.51116   0.0794348
         1.2           7     4.54424     4.51589   0.0682273
         1.2           8     4.47384     4.51063    0.059901
         1.2           9     4.41292     4.49978   0.0542203
         1.2          10      4.2986     4.47966   0.0523976
         1.2          11     4.45322     4.47726   0.0476893
         1.2          12      4.7109     4.49673   0.0475241
         1.2          13     4.63792     4.50759   0.0450923
         1.2          14     4.88878     4.53481   0.0494128
         1.2          15     4.41964     4.52714   0.0467114
         1.2          16     4.30988     4.51356   0.0457229
         1.2          17     4.35478     4.50422   0.0439768
         1.2          18     4.07676     4.48047    0.047515
         1.2          19     4.35107     4.47366   0.0454997
         1.2          20     4.49656      4.4748   0.0432391
         1.2          21     4.05059      4.4546   0.0456557
         1.2          22     4.37789     4.45112   0.0437135
         1.2          23     4.80894     4.46667   0.0444953
         1.2          24     4.47291     4.46693   0.0426421
         1.2          25     4.55323     4.47039   0.0410759
         1.2          26     4.24219     4.46161   0.0404229
         1.2          27     4.67508     4.46952   0.0396914
         1.2          28     4.52064     4.47134   0.0383158
         1.2          29     4.16095     4.46064   0.0384604
         1.2          30     4.41769     4.45921    0.037205
         1.2          31     4.45563     4.45909    0.036005
         1.2          32     4.26127     4.45291   0.0354066
         1.2          33     4.29195     4.44803    0.034668
         1.2          34     4.40271      4.4467   0.0336739
         1.2          35     4.18633     4.43926   0.0335235
         1.2          36     4.11705     4.43031   0.0337659
         1.2          37     4.25046     4.42545   0.0332014
         1.2          38     4.48349     4.42698   0.0323628
         1.2          39     4.12916     4.41934   0.0324214
         1.2          40      4.3603     4.41786   0.0316444
         1.2          41     4.76886     4.42642   0.0320097
         1.2          42     4.26847     4.42266   0.0314677
         1.2          43     4.51036      4.4247   0.0308019
         1.2          44     4.51715      4.4268   0.0301735
         1.2          45     4.46276      4.4276   0.0295135
         1.2          46     4.42871     4.42763   0.0288719
         1.2          47     4.26727     4.42422   0.0284585
         1.2          48     4.56927     4.42724   0.0280256
         1.2          49      4.3071     4.42479   0.0275607
         1.2          50     4.52634     4.42682   0.0270842
         1.2          51     4.35694     4.42545   0.0265878
         1.2          52     4.51441     4.42716   0.0261315
         1.2          53     4.45159     4.42762   0.0256425
         1.2          54     4.55533     4.42998   0.0252765
         1.2          55     4.36724     4.42884   0.0248426
         1.2          56     4.39007     4.42815   0.0244087
         1.2          57     3.84422     4.41791   0.0260416
         1.2          58     4.61735     4.42135   0.0258187
         1.2          59     4.27727      4.4189   0.0254963
         1.2          60     4.33003     4.41742   0.0251143
         1.2          61     4.12208     4.41258    0.025165
         1.2          62     4.29227     4.41064   0.0248338
         1.2          63     4.31392      4.4091   0.0244871
         1.2          64     4.04698     4.40345   0.0247495
         1.2          65     4.94169     4.41173   0.0257167
         1.2          66     4.59643     4.41453   0.0254789
         1.2          67     4.48431     4.41557   0.0251199
         1.2          68     4.53962     4.41739   0.0248166
         1.2          69     4.64121     4.42063   0.0246681
         1.2          70     4.39556     4.42028   0.0243183
         1.2          71     4.61402     4.42301   0.0241284
         1.2          72     4.68972     4.42671   0.0240759
         1.2          73     4.26362     4.42448   0.0238495
         1.2          74     4.16452     4.42096   0.0237846
         1.2          75     4.27081     4.41896   0.0235516
         1.2          76      4.3264     4.41774   0.0232731
         1.2          77     4.50242     4.41884   0.0229968
         1.2          78     4.33185     4.41773    0.022729
         1.2          79     4.31656     4.41645   0.0224774
         1.2          80     4.51338     4.41766   0.0222291
         1.2          81     4.31823     4.41643   0.0219885
         1.2          82     4.60905     4.41878   0.0218454
         1.2          83     4.48576     4.41959   0.0215971
         1.2          84      4.3688     4.41898   0.0213485
         1.2          85     4.57146     4.42078   0.0211726
         1.2          86     4.57876     4.42261   0.0210059
         1.2          87     4.35465     4.42183    0.020779
         1.2          88     4.37453     4.42129   0.0205498
         1.2          89      4.4146     4.42122   0.0203191
         1.2          90     4.78361     4.42525   0.0204884
         1.2          91     4.58525       4.427   0.0203385
         1.2          92     4.48384     4.42762   0.0201268
         1.2          93     4.31961     4.42646   0.0199439
         1.2          94     4.57997     4.42809   0.0197985
         1.2          95     4.62786      4.4302   0.0197014
         1.2          96     4.47079     4.43062   0.0195008
         1.2          97     4.41623     4.43047   0.0193003
         1.2          98     4.21731      4.4283   0.0192255
         1.2          99     4.53756      4.4294    0.019063
         1.2         100     4.12038     4.42631   0.0191212
         1.3           1      3.7882      3.7882           0
         1.3           2     3.71566     3.75193   0.0256452
         1.3           3     3.46661     3.65682   0.0795131
         1.3           4     3.71878     3.67231   0.0611249
         1.3           5     3.47062     3.63197   0.0607696
         1.3           6     3.63913     3.63317    0.050653
         1.3           7     3.53145     3.61863   0.0454535
         1.3           8     3.66807     3.62481   0.0401896
         1.3           9     3.51762      3.6129   0.0374474
         1.3          10     3.61673     3.61329   0.0337046
         1.3          11     3.38178     3.59224   0.0366265
         1.3          12     3.67177     3.59887   0.0341686
         1.3          13     3.67393     3.60464   0.0320243
         1.3          14     3.44818     3.59347   0.0316268
         1.3          15     3.35266     3.57741   0.0333449
         1.3          16     3.59792     3.57869   0.0312854
         1.3          17     3.87401     3.59607   0.0339268
         1.3          18     3.62032     3.59741   0.0320688
         1.3          19      3.6257      3.5989   0.0304155
         1.3          20     3.82498     3.61021   0.0309239
         1.3          21     3.47645     3.60384   0.0301002
         1.3          22     3.61718     3.60444   0.0287381
         1.3          23     3.89526     3.61709   0.0301421
         1.3          24     3.41098      3.6085   0.0300846
         1.3          25     3.70824     3.61249   0.0291446
         1.3          26     3.62412     3.61294   0.0280271
         1.3          27      3.5254     3.60969   0.0271759
         1.3          28      3.6598     3.61148   0.0262642
         1.3          29     3.65887     3.61312   0.0254093
         1.3          30     3.75281     3.61777   0.0249853
         1.3          31     3.18833     3.60392   0.0277553
         1.3          32     3.62685     3.60464   0.0268972
         1.3          33     3.57646     3.60378   0.0260957
         1.3          34     3.58499     3.60323    0.025334
         1.3          35     3.62387     3.60382    0.024617
         1.3          36      3.5905     3.60345    0.023936
         1.3          37     3.75193     3.60746   0.0236231
         1.3          38     3.81647     3.61296   0.0236331
         1.3          39     3.51237     3.61038   0.0231674
         1.3          40     3.56497     3.60925    0.022616
         1.3          41     3.56475     3.60816   0.0220904
         1.3          42     3.77948     3.61224   0.0219378
         1.3          43     3.46417      3.6088   0.0216962
         1.3          44     3.49331     3.60617   0.0213613
         1.3          45     3.45668     3.60285   0.0211433
         1.3          46     3.64968     3.60387   0.0207082
         1.3          47     4.01569     3.61263   0.0220435
         1.3          48     3.55272     3.61138   0.0216196
         1.3          49     3.52118     3.60954   0.0212566
         1.3          50     3.60676     3.60949   0.0208315
         1.3          51     3.61963     3.60969    0.020424
         1.3          52     3.28359     3.60342   0.0209719
         1.3          53     3.50504     3.60156   0.0206582
         1.3          54     3.83057      3.6058   0.0207064
         1.3          55     3.91321     3.61139   0.0210707
         1.3          56     3.60332     3.61125   0.0206949
         1.3          57     3.38104     3.60721   0.0207222
         1.3          58     3.76826     3.60998   0.0205501
         1.3          59     3.81341     3.61343    0.020489
         1.3          60     3.64705     3.61399   0.0201552
         1.3          61     3.67705     3.61502   0.0198513
         1.3          62     3.54532      3.6139   0.0195629
         1.3          63     3.36115     3.60989   0.0196595
         1.3          64     3.53449     3.60871   0.0193876
         1.3          65     3.40911     3.60564    0.019331
         1.3          66     3.55891     3.60493    0.019051
         1.3          67     3.60513     3.60493   0.0187667
         1.3          68       3.499     3.60338   0.0185553
         1.3          69     3.70176      3.6048    0.018341
         1.3          70     3.65167     3.60547   0.0180912
         1.3          71     3.46885     3.60355   0.0179385
         1.3          72      3.6704     3.60448   0.0177134
         1.3          73     3.63546      3.6049   0.0174758
         1.3          74     3.72057     3.60646   0.0173094
         1.3          75     3.43452     3.60417   0.0172298
         1.3          76     3.97147       3.609   0.0176679
         1.3          77     3.66343     3.60971   0.0174525
         1.3          78     3.87861     3.61316    0.017566
         1.3          79     3.67139      3.6139   0.0173591
         1.3          80     3.63512     3.61416   0.0171441
         1.3          81     3.63021     3.61436   0.0169336
         1.3          82     3.46205      3.6125   0.0168287
         1.3          83     3.68118     3.61333   0.0166462
         1.3          84     3.63802     3.61362   0.0164507
         1.3          85     3.68973     3.61452   0.0162815
         1.3          86      3.5464     3.61373   0.0161114
         1.3          87     3.36616     3.61088   0.0161756
         1.3          88     3.64204     3.61124   0.0159956
         1.3          89     3.48482     3.60981   0.0158788
         1.3          90     3.83002     3.61226   0.0158898
         1.3          91     3.75958     3.61388   0.0157974
         1.3          92     3.48757     3.61251   0.0156853
         1.3          93     3.64699     3.61288    0.015521
         1.3          94     3.63502     3.61311   0.0153577
         1.3          95     3.43638     3.61125   0.0153083
         1.3          96     3.49605     3.61005   0.0151958
         1.3          97     3.71336     3.61112   0.0150764
         1.3          98     3.59138     3.61092   0.0149239
         1.3          99     3.44318     3.60922    0.014869
         1.3         100     3.65299     3.60966   0.0147268
         1.4           1     3.02901     3.02901           0
         1.4           2     2.93052     2.97976   0.0348185
         1.4           3     2.92171     2.96041   0.0280798
         1.4           4     2.96768     2.96223   0.0211185
         1.4           5     2.84074     2.93793    0.027527
         1.4           6      3.1024     2.96534   0.0339461
         1.4           7     2.88918     2.95446   0.0307909
         1.4           8     2.80913      2.9363   0.0318535
         1.4           9     2.92593     2.93514    0.028335
         1.4          10     3.16616     2.95825    0.033625
         1.4          11     3.17415     2.97787    0.035842
         1.4          12     3.12519     2.99015   0.0348943
         1.4          13     2.98762     2.98995   0.0322107
         1.4          14     2.86717     2.98118   0.0310809
         1.4          15     2.82553     2.97081   0.0306924
         1.4          16     3.20435      2.9854   0.0320576
         1.4          17     2.88443     2.97946   0.0307171
         1.4          18     3.04309       2.983   0.0292133
         1.4          19     2.81771      2.9743   0.0289421
         1.4          20     2.99697     2.97543   0.0275172
         1.4          21     2.90724     2.97219   0.0263977
         1.4          22     2.91882     2.96976    0.025309
         1.4          23     3.02411     2.97212   0.0243187
         1.4          24     3.39711     2.98983   0.0290455
         1.4          25     2.90176     2.98631   0.0280964
         1.4          26     2.89357     2.98274   0.0272413
         1.4          27     2.92585     2.98063   0.0263137
         1.4          28      3.0321     2.98247    0.025438
         1.4          29     3.38448     2.99633   0.0280851
         1.4          30     2.91742      2.9937   0.0272719
         1.4          31     3.12854     2.99805   0.0267367
         1.4          32     2.89259     2.99476   0.0261036
         1.4          33     2.92155     2.99254   0.0254066
         1.4          34     3.10218     2.99576   0.0248632
         1.4          35     2.93116     2.99392   0.0242212
         1.4          36      2.7828     2.98805   0.0242479
         1.4          37     3.11495     2.99148   0.0238339
         1.4          38     3.02961     2.99249   0.0232278
         1.4          39     2.99335     2.99251   0.0226322
         1.4          40     2.96363     2.99179   0.0220779
         1.4          41     3.11184     2.99472   0.0217327
         1.4          42     3.19009     2.99937   0.0217074
         1.4          43     2.98204     2.99896   0.0212063
         1.4          44     3.04655     3.00005   0.0207519
         1.4          45     3.31988     3.00715   0.0214734
         1.4          46     2.71889     3.00089   0.0219019
         1.4          47      3.1515     3.00409   0.0216691
         1.4          48     2.86453     3.00118   0.0214118
         1.4          49     3.16576     3.00454   0.0212367
         1.4          50     2.76989     2.99985   0.0213241
         1.4          51     3.11318     3.00207   0.0210215
         1.4          52     2.98087     3.00166   0.0206212
         1.4          53     2.97449     3.00115   0.0202385
         1.4          54     3.09685     3.00292   0.0199411
         1.4          55     3.04847     3.00375   0.0195958
         1.4          56     2.96457     3.00305   0.0192583
         1.4          57     3.04006      3.0037   0.0189314
         1.4          58     2.84939     3.00104    0.018791
         1.4          59     3.19184     3.00427   0.0187487
         1.4          60     2.77397     3.00044   0.0188251
         1.4          61     3.06556      3.0015   0.0185467
         1.4          62     2.80717     2.99837   0.0185105
         1.4          63     3.00652      2.9985   0.0182172
         1.4          64     2.85781      2.9963   0.0180647
         1.4          65      3.1714     2.99899   0.0179865
         1.4          66     2.94009      2.9981   0.0177361
         1.4          67     2.95299     2.99743   0.0174842
         1.4          68     3.19851     3.00039   0.0174753
         1.4          69     2.89098      2.9988   0.0172938
         1.4          70     3.10398      3.0003   0.0171119
         1.4          71     2.91681     2.99913   0.0169113
         1.4          72     3.17513     3.00157   0.0168521
         1.4          73     2.83508     2.99929   0.0167749
         1.4          74     3.05808     3.00009    0.016567
         1.4          75     2.87208     2.99838   0.0164338
         1.4          76     2.92479     2.99741   0.0162461
         1.4          77     2.93853     2.99665   0.0160531
         1.4          78     3.29379     3.00045    0.016293
         1.4          79     3.06552     3.00128   0.0161076
         1.4          80     3.08824     3.00237   0.0159429
         1.4          81      2.6973      2.9986   0.0161848
         1.4          82     3.13289     3.00024     0.01607
         1.4          83     2.83633     2.99826   0.0159973
         1.4          84     2.83969     2.99637   0.0159179
         1.4          85     3.09472     2.99753   0.0157726
         1.4          86     2.88198     2.99619   0.0156463
         1.4          87      2.8317      2.9943   0.0155803
         1.4          88     3.11485     2.99567   0.0154633
         1.4          89     2.91896     2.99481   0.0153136
         1.4          90     2.91851     2.99396   0.0151669
         1.4          91     3.12426     2.99539   0.0150677
         1.4          92     3.00261     2.99547   0.0149041
         1.4          93     3.04614     2.99601   0.0147538
         1.4          94     2.90916     2.99509   0.0146257
         1.4          95     2.95328     2.99465   0.0144784
         1.4          96     2.86977     2.99335   0.0143859
         1.4          97     3.06694     2.99411   0.0142576
         1.4          98     2.82478     2.99238   0.0142164
         1.4          99     3.08829     2.99335   0.0141058
         1.4         100     2.89245     2.99234   0.0140008
         1.5           1     2.47461     2.47461           0
         1.5           2     2.57239      2.5235   0.0345705
         1.5           3     2.46303     2.50334    0.028319
         1.5           4     2.43121     2.48531   0.0263623
         1.5           5     2.44966     2.47818   0.0220328
         1.5           6     2.59124     2.49702   0.0251591
         1.5           7     2.46409     2.49232   0.0220005
         1.5           8     2.39409     2.48004   0.0224167
         1.5           9     2.45749     2.47753   0.0200655
         1.5          10     2.47531     2.47731   0.0180602
         1.5          11     2.47378     2.47699   0.0164212
         1.5          12     2.59904     2.48716   0.0179279
         1.5          13     2.55065     2.49205   0.0172011
         1.5          14     2.31618     2.47948   0.0200411
         1.5          15     2.54849     2.48408   0.0192259
         1.5          16      2.3654     2.47667   0.0194024
         1.5          17      2.5419      2.4805   0.0186367
         1.5          18     2.66152     2.49056   0.0201325
         1.5          19     2.68112     2.50059   0.0214258
         1.5          20     2.56337     2.50373   0.0205832
         1.5          21     2.59831     2.50823   0.0200897
         1.5          22     2.49539     2.50765    0.019185
         1.5          23     2.79988     2.52035   0.0221624
         1.5          24     2.74134     2.52956   0.0230725
         1.5          25     2.48477     2.52777   0.0222191
         1.5          26     2.48358     2.52607   0.0214294
         1.5          27     2.54757     2.52687   0.0206505
         1.5          28     2.61217     2.52991   0.0201365
         1.5          29     2.36416      2.5242   0.0202371
         1.5          30     2.54575     2.52492   0.0195753
         1.5          31     2.52525     2.52493   0.0189438
         1.5          32     2.52916     2.52506   0.0183523
         1.5          33     2.65562     2.52902   0.0182176
         1.5          34     2.60982     2.53139   0.0178361
         1.5          35     2.54693     2.53184   0.0173321
         1.5          36     2.71926     2.53704   0.0176152
         1.5          37      2.5123     2.53637   0.0171518
         1.5          38     2.49826     2.53537   0.0167298
         1.5          39      2.5676      2.5362   0.0163212
         1.5          40     2.47357     2.53463   0.0159881
         1.5          41     2.69453     2.53853   0.0160668
         1.5          42     2.47857      2.5371   0.0157475
         1.5          43     2.42834     2.53457   0.0155831
         1.5          44     2.57533      2.5355   0.0152565
         1.5          45     2.43768     2.53333   0.0150715
         1.5          46     2.40763     2.53059   0.0149895
         1.5          47     2.53904     2.53077   0.0146716
         1.5          48     2.63679     2.53298   0.0145313
         1.5          49     2.50954      2.5325   0.0142426
         1.5          50     2.44472     2.53075   0.0140655
         1.5          51     2.46993     2.52956   0.0138402
         1.5          52     2.44069     2.52785   0.0136792
         1.5          53     2.63915     2.52995   0.0135813
         1.5          54     2.44837     2.52844   0.0134135
         1.5          55      2.5095     2.52809   0.0131741
         1.5          56     2.46298     2.52693     0.01299
         1.5          57     2.66006     2.52926   0.0129704
         1.5          58     2.54034     2.52946   0.0127482
         1.5          59     2.50152     2.52898   0.0125409
         1.5          60     2.62035      2.5305    0.012424
         1.5          61     2.55357     2.53088   0.0122261
         1.5          62      2.6316     2.53251   0.0121363
         1.5          63     2.66838     2.53466   0.0121338
         1.5          64     2.67993     2.53693   0.0121547
         1.5          65      2.7452     2.54014   0.0123828
         1.5          66     2.56879     2.54057   0.0122027
         1.5          67     2.29041     2.53684   0.0125789
         1.5          68     2.53002     2.53674   0.0123943
         1.5          69     2.56117     2.53709   0.0122197
         1.5          70     2.54089     2.53715   0.0120453
         1.5          71     2.45165     2.53594   0.0119357
         1.5          72      2.4839     2.53522   0.0117918
         1.5          73     2.59167     2.53599   0.0116556
         1.5          74      2.4948     2.53544   0.0115113
         1.5          75     2.42724     2.53399   0.0114479
         1.5          76     2.63917     2.53538   0.0113806
         1.5          77     2.50385     2.53497   0.0112402
         1.5          78     2.57571     2.53549   0.0111082
         1.5          79     2.45719      2.5345   0.0110117
         1.5          80     2.59076      2.5352   0.0108965
         1.5          81     2.47868      2.5345   0.0107843
         1.5          82     2.58558     2.53513   0.0106707
         1.5          83     2.56976     2.53554   0.0105503
         1.5          84     2.60904     2.53642    0.010461
         1.5          85     2.68854     2.53821   0.0104899
         1.5          86     2.62172     2.53918   0.0104127
         1.5          87     2.57433     2.53958   0.0103009
         1.5          88     2.69718     2.54138   0.0103383
         1.5          89     2.50777       2.541   0.0102291
         1.5          90     2.37338     2.53914   0.0102836
         1.5          91     2.61122     2.53993    0.010201
         1.5          92     2.54039     2.53993   0.0100901
         1.5          93     2.55793     2.54013  0.00998349
         1.5          94     2.47482     2.53943  0.00990142
         1.5          95     2.48898      2.5389  0.00981143
         1.5          96     2.53773     2.53889  0.00970923
         1.5          97     2.38121     2.53726  0.00974426
         1.5          98      2.5472     2.53736  0.00964535
         1.5          99     2.45797     2.53656  0.00958121
         1.5         100     2.58823     2.53708  0.00949932
         1.6           1     2.21553     2.21553           0
         1.6           2     2.14969     2.18261   0.0232797
         1.6           3     2.13273     2.16598     0.02062
         1.6           4     2.12735     2.15633   0.0175822
         1.6           5     2.06648     2.13836   0.0213577
         1.6           6      2.1913     2.14718    0.019536
         1.6           7     2.20162     2.15496   0.0182274
         1.6           8     2.08729      2.1465   0.0178038
         1.6           9     2.26883     2.16009   0.0203634
         1.6          10     2.29754     2.17384   0.0224923
         1.6          11     2.29284     2.18465   0.0229019
         1.6          12     2.22245      2.1878   0.0212089
         1.6          13     2.21944     2.19024   0.0197165
         1.6          14     2.27129     2.19603   0.0191393
         1.6          15     2.26908      2.2009   0.0184727
         1.6          16     2.15125     2.19779   0.0175767
         1.6          17     2.06786     2.19015   0.0181287
         1.6          18     2.22582     2.19213   0.0172295
         1.6          19     2.12467     2.18858   0.0166846
         1.6          20      2.2096     2.18963   0.0158834
         1.6          21     2.26809     2.19337   0.0155603
         1.6          22     2.20764     2.19402   0.0148665
         1.6          23     2.22543     2.19538   0.0142827
         1.6          24     2.19111      2.1952   0.0136887
         1.6          25     2.22233     2.19629   0.0131841
         1.6          26     2.10801     2.19289    0.013107
         1.6          27     2.10194     2.18953   0.0130473
         1.6          28     2.12285     2.18714   0.0127968
         1.6          29     2.18388     2.18703    0.012356
         1.6          30     2.28639     2.19034   0.0123801
         1.6          31     2.15025     2.18905   0.0120481
         1.6          32     2.19936     2.18937   0.0116759
         1.6          33     2.24869     2.19117   0.0114596
         1.6          34     2.21561     2.19189   0.0111451
         1.6          35     2.15287     2.19077   0.0108823
         1.6          36     2.10159      2.1883   0.0108583
         1.6          37     2.22403     2.18926   0.0106077
         1.6          38     2.13692     2.18789   0.0104176
         1.6          39     2.28127     2.19028    0.010422
         1.6          40     2.15878     2.18949   0.0101912
         1.6          41     2.14836     2.18849  0.00999188
         1.6          42     2.10079      2.1864  0.00996978
         1.6          43     2.21067     2.18697  0.00975389
         1.6          44     2.10592     2.18512  0.00970456
         1.6          45     2.24788     2.18652  0.00958859
         1.6          46     2.17636      2.1863  0.00938269
         1.6          47     2.11793     2.18484  0.00929513
         1.6          48     2.12418     2.18358  0.00918699
         1.6          49     2.25634     2.18506   0.0091187
         1.6          50     2.30667      2.1875    0.009255
         1.6          51      2.1705     2.18716  0.00907952
         1.6          52     2.17441     2.18692  0.00890823
         1.6          53     2.17558      2.1867  0.00874272
         1.6          54     2.26934     2.18823   0.0087137
         1.6          55     2.29839     2.19024  0.00878243
         1.6          56     2.25628     2.19142  0.00870442
         1.6          57     2.23828     2.19224  0.00859046
         1.6          58     2.12493     2.19108  0.00852037
         1.6          59     2.14474     2.19029  0.00841207
         1.6          60      2.2137     2.19068  0.00828091
         1.6          61     2.19612     2.19077  0.00814564
         1.6          62     2.26053      2.1919  0.00809158
         1.6          63     2.23885     2.19264   0.0079974
         1.6          64     2.18318     2.19249   0.0078738
         1.6          65      2.2794     2.19383  0.00786537
         1.6          66     2.24553     2.19461  0.00778511
         1.6          67     2.24015     2.19529  0.00769852
         1.6          68     2.16581     2.19486  0.00759751
         1.6          69     2.19597     2.19488  0.00748742
         1.6          70     2.25011     2.19567  0.00742192
         1.6          71     2.16213     2.19519   0.0073324
         1.6          72     2.21228     2.19543   0.0072344
         1.6          73     2.18613      2.1953  0.00713642
         1.6          74     2.10287     2.19405  0.00714845
         1.6          75     2.08894     2.19265  0.00718921
         1.6          76      2.2528     2.19344  0.00713804
         1.6          77     2.11063     2.19237  0.00712589
         1.6          78     2.19379     2.19239  0.00703456
         1.6          79     2.23261      2.1929  0.00696392
         1.6          80     2.17355     2.19265  0.00688107
         1.6          81     2.17951     2.19249  0.00679803
         1.6          82     2.18025     2.19234  0.00671677
         1.6          83     2.19666     2.19239  0.00663604
         1.6          84     2.19665     2.19245  0.00655724
         1.6          85     2.11763     2.19157   0.0065389
         1.6          86     2.21988     2.19189  0.00647114
         1.6          87     2.08102     2.19062  0.00652106
         1.6          88     2.23962     2.19118  0.00647068
         1.6          89     2.05101      2.1896  0.00658685
         1.6          90     2.15077     2.18917  0.00652778
         1.6          91     2.22369     2.18955  0.00646706
         1.6          92     2.11632     2.18875  0.00644556
         1.6          93     2.14756     2.18831  0.00639146
         1.6          94     2.13531     2.18775  0.00634829
         1.6          95     2.21264     2.18801  0.00628687
         1.6          96     2.08582     2.18694  0.00631085
         1.6          97     2.14272     2.18649  0.00626224
         1.6          98     2.25626      2.1872  0.00623868
         1.6          99     2.18028     2.18713  0.00617605
         1.6         100     2.26775     2.18794  0.00616668
         1.7           1     1.84705     1.84705           0
         1.7           2     1.87424     1.86064  0.00961064
         1.7           3     1.91878     1.88002   0.0170707
         1.7           4      1.8464     1.87162   0.0147275
         1.7           5     1.98326     1.89395   0.0231881
         1.7           6     1.91277     1.89708   0.0195346
         1.7           7     1.91186      1.8992   0.0168576
         1.7           8     1.85136     1.89322   0.0157752
         1.7           9     1.85931     1.88945   0.0144653
         1.7          10     1.99407     1.89991   0.0163706
         1.7          11     1.91143     1.90096   0.0149159
         1.7          12     1.89793     1.90071    0.013675
         1.7          13     1.93877     1.90363   0.0129327
         1.7          14     1.91077     1.90414    0.012019
         1.7          15     1.84657     1.90031   0.0118148
         1.7          16     1.92209     1.90167   0.0111545
         1.7          17      1.8766     1.90019   0.0105954
         1.7          18     1.91532     1.90103     0.01004
         1.7          19     1.85116     1.89841  0.00984867
         1.7          20     1.85592     1.89628  0.00958267
         1.7          21     1.83414     1.89332   0.0095724
         1.7          22     1.91319     1.89423   0.0091798
         1.7          23     1.89786     1.89438  0.00878203
         1.7          24     1.81135     1.89093  0.00907212
         1.7          25     1.90341     1.89142  0.00872298
         1.7          26     1.84699     1.88972  0.00855323
         1.7          27     1.86221      1.8887  0.00829689
         1.7          28     1.85738     1.88758  0.00807559
         1.7          29      1.9945     1.89127  0.00859762
         1.7          30      1.8714      1.8906   0.0083365
         1.7          31     1.92876     1.89183  0.00815793
         1.7          32     1.96826     1.89422  0.00824516
         1.7          33      1.8806     1.89381  0.00800563
         1.7          34     1.93737     1.89509  0.00787202
         1.7          35     1.85648     1.89399    0.007724
         1.7          36     1.92941     1.89497  0.00757186
         1.7          37     1.97265     1.89707  0.00765271
         1.7          38      1.9445     1.89832  0.00755242
         1.7          39     1.89803     1.89831  0.00735877
         1.7          40        1.91      1.8986  0.00718061
         1.7          41     1.91123     1.89891  0.00701207
         1.7          42     1.88314     1.89854  0.00685517
         1.7          43     2.00675     1.90105  0.00714272
         1.7          44     1.86378     1.90021  0.00703043
         1.7          45     1.87466     1.89964  0.00689708
         1.7          46     1.90847     1.89983  0.00674981
         1.7          47     1.70368     1.89566  0.00779034
         1.7          48     1.91694      1.8961  0.00764065
         1.7          49     1.94687     1.89714  0.00755465
         1.7          50     1.93965     1.89799  0.00745126
         1.7          51     1.93224     1.89866  0.00733536
         1.7          52     1.76503     1.89609  0.00763117
         1.7          53     1.88407     1.89586  0.00749055
         1.7          54     1.92349     1.89637  0.00736929
         1.7          55     1.91091     1.89664  0.00724004
         1.7          56     1.97742     1.89808  0.00725303
         1.7          57     1.84914     1.89722  0.00717641
         1.7          58     2.00919     1.89915  0.00730771
         1.7          59     1.84163     1.89818   0.0072486
         1.7          60     1.87994     1.89787  0.00713416
         1.7          61     1.92827     1.89837  0.00703458
         1.7          62     1.87508       1.898  0.00693114
         1.7          63     1.92222     1.89838  0.00683178
         1.7          64      1.8847     1.89817  0.00672837
         1.7          65     1.97719     1.89938  0.00673381
         1.7          66     1.85223     1.89867  0.00666957
         1.7          67     1.81883     1.89748  0.00667562
         1.7          68     1.95225     1.89828  0.00662587
         1.7          69      1.9763     1.89941  0.00662561
         1.7          70     1.93178     1.89987  0.00654707
         1.7          71     1.86044     1.89932  0.00647837
         1.7          72       1.897     1.89929  0.00638847
         1.7          73     1.89478     1.89923  0.00630126
         1.7          74     1.94189      1.8998  0.00624243
         1.7          75     1.85155     1.89916  0.00619225
         1.7          76     1.82429     1.89817  0.00618864
         1.7          77     1.96652     1.89906   0.0061716
         1.7          78     1.84081     1.89831  0.00613749
         1.7          79     1.86768     1.89793  0.00607204
         1.7          80     1.99623     1.89916   0.0061192
         1.7          81     1.89101     1.89905  0.00604448
         1.7          82     1.92919     1.89942  0.00598194
         1.7          83     1.94685     1.89999  0.00593709
         1.7          84     1.84698     1.89936  0.00589986
         1.7          85     2.01737     1.90075  0.00599159
         1.7          86     1.85364      1.9002   0.0059469
         1.7          87     1.96459     1.90094  0.00592442
         1.7          88     1.97381     1.90177  0.00591469
         1.7          89     1.90559     1.90181  0.00584839
         1.7          90     1.96029     1.90246  0.00581938
         1.7          91     1.96986      1.9032  0.00580237
         1.7          92     1.91609     1.90334  0.00574099
         1.7          93     1.90753     1.90339  0.00567943
         1.7          94     1.91746     1.90354  0.00562099
         1.7          95     1.80111     1.90246  0.00566428
         1.7          96     1.91525     1.90259  0.00560684
         1.7          97     1.90779     1.90265   0.0055493
         1.7          98     1.96522     1.90329  0.00552928
         1.7          99     1.91972     1.90345  0.00547592
         1.7         100      1.7916     1.90233  0.00553422
         1.8           1     1.75358     1.75358           0
         1.8           2     1.64174     1.69766   0.0395383
         1.8           3     1.71083     1.70205   0.0266014
         1.8           4     1.59157     1.67443   0.0311471
         1.8           5     1.61408     1.66236   0.0271559
         1.8           6     1.74218     1.67566   0.0256826
         1.8           7     1.58736     1.66305   0.0249198
         1.8           8     1.74116     1.67281   0.0236402
         1.8           9     1.74995     1.68138   0.0225135
         1.8          10     1.68915     1.68216   0.0202755
         1.8          11     1.66612      1.6807   0.0184847
         1.8          12     1.67201     1.67998   0.0169585
         1.8          13     1.59794     1.67367    0.016787
         1.8          14     1.73483     1.67804   0.0161464
         1.8          15     1.68266     1.67834   0.0150729
         1.8          16     1.62525     1.67503   0.0144915
         1.8          17     1.66876     1.67466   0.0136437
         1.8          18     1.73564     1.67804   0.0132997
         1.8          19     1.68157     1.67823    0.012601
         1.8          20      1.6692     1.67778   0.0119791
         1.8          21     1.63253     1.67562   0.0116008
         1.8          22     1.64707     1.67433   0.0111459
         1.8          23     1.68655     1.67486   0.0106739
         1.8          24     1.72073     1.67677   0.0103989
         1.8          25     1.66011      1.6761   0.0100043
         1.8          26      1.7311     1.67822  0.00984057
         1.8          27     1.74199     1.68058  0.00975542
         1.8          28     1.66459     1.68001  0.00942371
         1.8          29     1.65054     1.67899  0.00915336
         1.8          30     1.73148     1.68074  0.00901389
         1.8          31     1.62736     1.67902  0.00888606
         1.8          32     1.65691     1.67833   0.0086352
         1.8          33     1.71091     1.67932  0.00842979
         1.8          34      1.6615     1.67879  0.00819812
         1.8          35     1.59023     1.67626  0.00834529
         1.8          36     1.74478     1.67817  0.00832766
         1.8          37     1.76877     1.68061  0.00845495
         1.8          38     1.79659     1.68367    0.008766
         1.8          39     1.68847     1.68379  0.00854209
         1.8          40     1.76115     1.68572  0.00854468
         1.8          41     1.66364     1.68518  0.00835323
         1.8          42     1.60774     1.68334  0.00835538
         1.8          43     1.66155     1.68283  0.00817641
         1.8          44     1.68144      1.6828  0.00799065
         1.8          45     1.72396     1.68372  0.00786524
         1.8          46     1.67483     1.68352  0.00769663
         1.8          47     1.64867     1.68278  0.00756852
         1.8          48     1.64083     1.68191  0.00746115
         1.8          49     1.65542     1.68137  0.00732843
         1.8          50     1.68726     1.68149  0.00718281
         1.8          51     1.76212     1.68307   0.0072139
         1.8          52     1.71906     1.68376   0.0071083
         1.8          53     1.73358      1.6847  0.00703608
         1.8          54     1.62095     1.68352   0.0070041
         1.8          55     1.63428     1.68262  0.00693372
         1.8          56     1.66463      1.6823  0.00681734
         1.8          57     1.66228     1.68195  0.00670678
         1.8          58     1.74314     1.68301   0.0066736
         1.8          59     1.70178     1.68332  0.00656807
         1.8          60     1.66934     1.68309  0.00646274
         1.8          61     1.62519     1.68214  0.00642612
         1.8          62     1.73715     1.68303  0.00638344
         1.8          63      1.6679     1.68279  0.00628663
         1.8          64     1.61105     1.68167  0.00628755
         1.8          65      1.6658     1.68142  0.00619556
         1.8          66     1.70006     1.68171  0.00610812
         1.8          67     1.67164     1.68156   0.0060188
         1.8          68     1.66577     1.68132  0.00593476
         1.8          69     1.64284     1.68077   0.0058749
         1.8          70     1.74523     1.68169  0.00586272
         1.8          71     1.69207     1.68183  0.00578197
         1.8          72     1.62843     1.68109  0.00574905
         1.8          73     1.66719      1.6809  0.00567345
         1.8          74     1.70279      1.6812  0.00560449
         1.8          75     1.71535     1.68165  0.00554823
         1.8          76      1.6495     1.68123  0.00549133
         1.8          77     1.69988     1.68147  0.00542535
         1.8          78     1.71894     1.68195  0.00537702
         1.8          79     1.63114     1.68131   0.0053473
         1.8          80     1.72446     1.68185  0.00530759
         1.8          81     1.64471     1.68139  0.00526182
         1.8          82     1.67966     1.68137   0.0051977
         1.8          83     1.66661     1.68119  0.00513812
         1.8          84     1.73636     1.68185  0.00511875
         1.8          85     1.67378     1.68175  0.00505941
         1.8          86      1.6231     1.68107  0.00504634
         1.8          87     1.61405      1.6803  0.00504679
         1.8          88     1.65831     1.68005  0.00499563
         1.8          89      1.6976     1.68025  0.00494339
         1.8          90     1.61873     1.67956   0.0049355
         1.8          91     1.66449      1.6794  0.00488404
         1.8          92     1.64578     1.67903   0.0048446
         1.8          93     1.74304     1.67972  0.00484115
         1.8          94     1.76395     1.68062  0.00487188
         1.8          95     1.75722     1.68142  0.00488687
         1.8          96     1.65672     1.68117  0.00484273
         1.8          97     1.68795     1.68124  0.00479331
         1.8          98     1.71474     1.68158  0.00475658
         1.8          99     1.70731     1.68184  0.00471563
         1.8         100     1.63555     1.68137  0.00469113
         1.9           1     1.52321     1.52321           0
         1.9           2     1.51142     1.51731  0.00416614
         1.9           3     1.47622     1.50362   0.0115232
         1.9           4     1.49743     1.50207  0.00874559
         1.9           5     1.52778     1.50721   0.0083726
         1.9           6     1.61553     1.52527   0.0178958
         1.9           7     1.52352     1.52502    0.015341
         1.9           8     1.46042     1.51694   0.0154026
         1.9           9     1.49592     1.51461   0.0138672
         1.9          10     1.52338     1.51548   0.0125082
         1.9          11     1.50434     1.51447   0.0114121
         1.9          12     1.52568      1.5154   0.0104993
         1.9          13     1.53138     1.51663  0.00976332
         1.9          14     1.52396     1.51716  0.00907996
         1.9          15     1.42359     1.51092   0.0103987
         1.9          16     1.51741     1.51133  0.00975672
         1.9          17       1.465      1.5086  0.00955579
         1.9          18     1.51613     1.50902  0.00903407
         1.9          19     1.47581     1.50727  0.00872598
         1.9          20     1.53737     1.50878  0.00841843
         1.9          21     1.49989     1.50835  0.00802817
         1.9          22     1.48046     1.50708  0.00776274
         1.9          23     1.56606     1.50965  0.00783723
         1.9          24     1.56986     1.51216  0.00790206
         1.9          25     1.51904     1.51243  0.00759077
         1.9          26     1.51686      1.5126  0.00730073
         1.9          27     1.46178     1.51072  0.00726891
         1.9          28     1.47062     1.50929  0.00714899
         1.9          29     1.48999     1.50862  0.00693336
         1.9          30     1.52869     1.50929  0.00673444
         1.9          31     1.55691     1.51083  0.00669006
         1.9          32     1.52611     1.51131  0.00649802
         1.9          33     1.48558     1.51053  0.00634768
         1.9          34      1.5079     1.51045  0.00616146
         1.9          35     1.57993     1.51243   0.0062971
         1.9          36     1.58242     1.51438  0.00641523
         1.9          37     1.55028     1.51535  0.00631482
         1.9          38     1.55721     1.51645  0.00624401
         1.9          39     1.50701     1.51621  0.00608859
         1.9          40     1.46011     1.51481  0.00609577
         1.9          41     1.44003     1.51298  0.00621395
         1.9          42     1.42536      1.5109  0.00640663
         1.9          43     1.47905     1.51016  0.00630029
         1.9          44      1.4819     1.50951  0.00618975
         1.9          45     1.55344     1.51049   0.0061287
         1.9          46     1.58512     1.51211  0.00620653
         1.9          47     1.49367     1.51172  0.00608686
         1.9          48     1.44745     1.51038  0.00610552
         1.9          49     1.55882     1.51137  0.00606042
         1.9          50     1.51139     1.51137  0.00593921
         1.9          51     1.51917     1.51152  0.00582472
         1.9          52     1.49372     1.51118  0.00572276
         1.9          53     1.42461     1.50955  0.00584322
         1.9          54     1.50117     1.50939  0.00573707
         1.9          55     1.48392     1.50893  0.00565142
         1.9          56     1.51074     1.50896  0.00555059
         1.9          57     1.52513     1.50924  0.00546046
         1.9          58     1.47879     1.50872   0.0053915
         1.9          59     1.47084     1.50808   0.0053382
         1.9          60     1.56254     1.50899  0.00532583
         1.9          61     1.50544     1.50893  0.00523884
         1.9          62     1.51691     1.50906  0.00515593
         1.9          63     1.53563     1.50948  0.00509131
         1.9          64     1.50795     1.50945  0.00501182
         1.9          65     1.45125     1.50856  0.00501408
         1.9          66     1.49255     1.50832  0.00494397
         1.9          67     1.49794     1.50816   0.0048726
         1.9          68     1.49586     1.50798   0.0048043
         1.9          69     1.50307     1.50791   0.0047352
         1.9          70     1.48219     1.50754   0.0046818
         1.9          71     1.48819     1.50727  0.00462378
         1.9          72     1.52012     1.50745  0.00456301
         1.9          73     1.48669     1.50716  0.00450935
         1.9          74     1.52946     1.50746  0.00445847
         1.9          75     1.56158     1.50819  0.00445702
         1.9          76     1.40809     1.50687  0.00458885
         1.9          77     1.54707     1.50739  0.00455886
         1.9          78     1.49502     1.50723  0.00450317
         1.9          79     1.42225     1.50616  0.00457284
         1.9          80     1.56106     1.50684  0.00456689
         1.9          81     1.62391     1.50829  0.00473368
         1.9          82     1.49576     1.50814  0.00467842
         1.9          83     1.48241     1.50783  0.00463231
         1.9          84     1.52168     1.50799   0.0045801
         1.9          85     1.46158     1.50744  0.00455864
         1.9          86     1.54869     1.50792  0.00453079
         1.9          87     1.48639     1.50768  0.00448547
         1.9          88     1.56044     1.50828  0.00447439
         1.9          89     1.45178     1.50764  0.00446892
         1.9          90     1.51506     1.50772  0.00442002
         1.9          91     1.49047     1.50753  0.00437552
         1.9          92     1.50168     1.50747  0.00432842
         1.9          93     1.48401     1.50722  0.00428922
         1.9          94      1.4553     1.50667  0.00427901
         1.9          95     1.54993     1.50712  0.00425814
         1.9          96     1.49034     1.50695  0.00421737
         1.9          97     1.49345     1.50681  0.00417618
         1.9          98     1.44391     1.50617  0.00418259
         1.9          99     1.47412     1.50584  0.00415285
         1.9         100     1.51598     1.50594  0.00411256
           2           1     1.37473     1.37473           0
           2           2     1.36803     1.37138  0.00236815
           2           3     1.42213     1.38829   0.0139021
           2           4     1.37444     1.38483   0.0108497
           2           5     1.34978     1.37782   0.0107072
           2           6     1.32823     1.36955   0.0116846
           2           7     1.34908     1.36663   0.0103751
           2           8     1.39361        1.37  0.00961076
           2           9     1.39416     1.37269     0.00891
           2          10     1.40763     1.37618  0.00867712
           2          11     1.36241     1.37493  0.00797805
           2          12     1.42012     1.37869  0.00815367
           2          13      1.3294      1.3749  0.00836195
           2          14     1.36133     1.37393  0.00782067
           2          15     1.29558     1.36871  0.00887398
           2          16     1.41348     1.37151   0.0087494
           2          17     1.36362     1.37104  0.00824701
           2          18     1.35738     1.37028  0.00782369
           2          19     1.36716     1.37012  0.00741365
           2          20     1.35525     1.36938  0.00708016
           2          21     1.42719     1.37213  0.00725859
           2          22     1.35436     1.37132  0.00697342
           2          23     1.39726     1.37245  0.00676078
           2          24     1.31815     1.37019  0.00684717
           2          25     1.32886     1.36853  0.00676992
           2          26     1.38991     1.36936  0.00655925
           2          27     1.42008     1.37123  0.00657987
           2          28     1.37424     1.37134  0.00634575
           2          29     1.34696      1.3705  0.00618237
           2          30     1.38394     1.37095  0.00599249
           2          31     1.33948     1.36993  0.00588454
           2          32     1.35416     1.36944  0.00572124
           2          33     1.35139     1.36889  0.00557395
           2          34     1.39139     1.36956  0.00544913
           2          35     1.41196     1.37077  0.00542647
           2          36      1.4253     1.37228  0.00548306
           2          37     1.38487     1.37262  0.00534542
           2          38     1.29321     1.37053   0.0055984
           2          39     1.33383     1.36959  0.00553338
           2          40     1.33667     1.36877  0.00545592
           2          41     1.32044     1.36759   0.0054487
           2          42     1.36333     1.36749  0.00531991
           2          43     1.36487     1.36743  0.00519654
           2          44     1.31101     1.36615  0.00523425
           2          45     1.32886     1.36532   0.0051831
           2          46     1.37116     1.36544  0.00507198
           2          47     1.41882     1.36658  0.00508962
           2          48     1.39923     1.36726  0.00502884
           2          49     1.31342     1.36616   0.0050448
           2          50     1.30731     1.36498  0.00507938
           2          51     1.30261     1.36376  0.00512489
           2          52     1.34608     1.36342  0.00503759
           2          53     1.33414     1.36287  0.00497275
           2          54     1.35011     1.36263  0.00488627
           2          55     1.42116      1.3637  0.00491194
           2          56     1.38157     1.36402  0.00483459
           2          57     1.37408     1.36419  0.00475299
           2          58     1.42524     1.36524  0.00478617
           2          59     1.39216      1.3657  0.00472673
           2          60     1.35082     1.36545  0.00465445
           2          61      1.3754     1.36562  0.00458101
           2          62     1.31329     1.36477   0.0045842
           2          63     1.38977     1.36517  0.00452857
           2          64     1.37605     1.36534  0.00446101
           2          65      1.3201     1.36464  0.00444634
           2          66     1.32863      1.3641  0.00441232
           2          67     1.33408     1.36365  0.00436915
           2          68       1.429     1.36461  0.00440934
           2          69      1.3718     1.36471  0.00434667
           2          70     1.33394     1.36427  0.00430676
           2          71     1.36369     1.36427  0.00424611
           2          72     1.39268     1.36466  0.00420543
           2          73       1.351     1.36447  0.00415198
           2          74     1.31337     1.36378  0.00415291
           2          75     1.38318     1.36404  0.00410558
           2          76     1.39414     1.36444  0.00407062
           2          77     1.31551      1.3638  0.00406705
           2          78     1.37803     1.36398    0.004019
           2          79     1.32835     1.36353  0.00399335
           2          80     1.34588     1.36331  0.00394953
           2          81     1.39686     1.36373  0.00392243
           2          82     1.39007     1.36405  0.00388773
           2          83     1.36862      1.3641  0.00384128
           2          84     1.37663     1.36425  0.00379845
           2          85     1.35581     1.36415  0.00375506
           2          86     1.33979     1.36387  0.00372206
           2          87     1.32765     1.36345  0.00370249
           2          88     1.34036     1.36319   0.0036697
           2          89     1.42354     1.36387  0.00369058
           2          90     1.33354     1.36353  0.00366493
           2          91     1.37153     1.36362  0.00362571
           2          92     1.37303     1.36372  0.00358774
           2          93       1.382     1.36392  0.00355454
           2          94     1.32063     1.36346  0.00354643
           2          95     1.34779     1.36329  0.00351294
           2          96     1.40862     1.36377  0.00350793
           2          97     1.30059     1.36311   0.0035317
           2          98     1.40901     1.36358  0.00352658
           2          99     1.31596      1.3631  0.00352361
           2         100     1.32307      1.3627  0.00351105
