#     BLOCK:   ACTUAL_TE:    TE_AVE:      ERROR:
         0.5           1   -0.959278   -0.959278           0
         0.5           2    -0.97447   -0.966874  0.00537139
         0.5           3   -0.975148   -0.969632  0.00423015
         0.5           4    -0.95323   -0.965531  0.00476201
         0.5           5   -0.962444   -0.964914  0.00384943
         0.5           6   -0.957867    -0.96374  0.00338231
         0.5           7   -0.959085   -0.963075  0.00296376
         0.5           8      -0.972    -0.96419   0.0027954
         0.5           9   -0.964207   -0.964192   0.0024848
         0.5          10    -0.95967    -0.96374  0.00227709
         0.5          11   -0.969319   -0.964247  0.00212581
         0.5          12   -0.965122    -0.96432  0.00194991
         0.5          13   -0.966633   -0.964498  0.00180802
         0.5          14   -0.965763   -0.964588  0.00168113
         0.5          15   -0.963367   -0.964507  0.00157103
         0.5          16   -0.961063   -0.964292  0.00148751
         0.5          17   -0.969374   -0.964591  0.00142974
         0.5          18   -0.954619   -0.964037  0.00145368
         0.5          19    -0.95657   -0.963644   0.0014293
         0.5          20   -0.966107   -0.963767  0.00136313
         0.5          21   -0.970437   -0.964084  0.00133472
         0.5          22   -0.964937   -0.964123  0.00127461
         0.5          23   -0.966989   -0.964248  0.00122527
         0.5          24   -0.952033   -0.963739  0.00127554
         0.5          25   -0.964433   -0.963767  0.00122482
         0.5          26   -0.967811   -0.963922  0.00118755
         0.5          27   -0.967852   -0.964068  0.00115245
         0.5          28   -0.953963   -0.963707  0.00116643
         0.5          29   -0.965081   -0.963754  0.00112717
         0.5          30   -0.968426    -0.96391   0.0011003
         0.5          31   -0.956244   -0.963663  0.00109224
         0.5          32   -0.967526   -0.963783  0.00106476
         0.5          33   -0.971974   -0.964032  0.00106103
         0.5          34   -0.982048   -0.964562  0.00115458
         0.5          35   -0.957996   -0.964374  0.00113673
         0.5          36   -0.973263   -0.964621  0.00113165
         0.5          37   -0.960863   -0.964519  0.00110562
         0.5          38   -0.982219   -0.964985  0.00117053
         0.5          39   -0.972507   -0.965178  0.00115629
         0.5          40   -0.969819   -0.965294  0.00113319
         0.5          41   -0.961326   -0.965197  0.00110968
         0.5          42   -0.965678   -0.965209  0.00108332
         0.5          43   -0.962763   -0.965152  0.00105962
         0.5          44   -0.968756   -0.965234  0.00103869
         0.5          45   -0.964815   -0.965224  0.00101565
         0.5          46   -0.958548   -0.965079  0.00100389
         0.5          47   -0.963404   -0.965044 0.000983163
         0.5          48   -0.964222   -0.965026  0.00096283
         0.5          49   -0.959907   -0.964922 0.000948831
         0.5          50   -0.976481   -0.965153 0.000957606
         0.5          51   -0.967604   -0.965201 0.000940034
         0.5          52   -0.965552   -0.965208 0.000921981
         0.5          53   -0.965322    -0.96521 0.000904587
         0.5          54   -0.968022   -0.965262 0.000889333
         0.5          55   -0.971237   -0.965371 0.000879773
         0.5          56   -0.968989   -0.965435 0.000866432
         0.5          57   -0.975815   -0.965618 0.000870156
         0.5          58   -0.971519   -0.965719 0.000861081
         0.5          59   -0.959944   -0.965621 0.000852031
         0.5          60   -0.962804   -0.965574 0.000839124
         0.5          61   -0.962744   -0.965528 0.000826649
         0.5          62   -0.960596   -0.965449 0.000817134
         0.5          63   -0.968178   -0.965492 0.000805311
         0.5          64   -0.966115   -0.965502 0.000792787
         0.5          65   -0.953989   -0.965324 0.000800131
         0.5          66   -0.964037   -0.965305 0.000788246
         0.5          67   -0.960489   -0.965233 0.000779751
         0.5          68   -0.967333   -0.965264 0.000768896
         0.5          69   -0.953559   -0.965094 0.000776239
         0.5          70   -0.960433   -0.965028    0.000768
         0.5          71   -0.958137   -0.964931 0.000763291
         0.5          72   -0.965948   -0.964945 0.000752821
         0.5          73   -0.956789   -0.964833 0.000750753
         0.5          74   -0.973711   -0.964953 0.000750132
         0.5          75   -0.963674   -0.964936 0.000740324
         0.5          76   -0.963163   -0.964913 0.000730951
         0.5          77   -0.963163    -0.96489 0.000721811
         0.5          78   -0.960519   -0.964834 0.000714729
         0.5          79   -0.958126   -0.964749 0.000710708
         0.5          80   -0.964133   -0.964741 0.000701866
         0.5          81   -0.957485   -0.964652 0.000698894
         0.5          82   -0.972152   -0.964743 0.000696331
         0.5          83    -0.96737   -0.964775  0.00068866
         0.5          84   -0.970115   -0.964838  0.00068339
         0.5          85   -0.971211   -0.964913  0.00067945
         0.5          86   -0.971533    -0.96499 0.000675896
         0.5          87   -0.961704   -0.964953 0.000669182
         0.5          88   -0.956167   -0.964853 0.000668984
         0.5          89   -0.966719   -0.964874 0.000661795
         0.5          90   -0.964248   -0.964867 0.000654479
         0.5          91   -0.958581   -0.964798 0.000650921
         0.5          92    -0.96927   -0.964846 0.000645659
         0.5          93   -0.971785   -0.964921 0.000643013
         0.5          94    -0.96673    -0.96494  0.00063646
         0.5          95   -0.960074   -0.964889 0.000631818
         0.5          96   -0.967207   -0.964913 0.000625698
         0.5          97     -0.9674   -0.964939 0.000619773
         0.5          98   -0.962611   -0.964915 0.000613903
         0.5          99   -0.960348   -0.964869 0.000609433
         0.5         100   -0.960626   -0.964826 0.000604814
         0.6           1    -0.93003    -0.93003           0
         0.6           2   -0.927644   -0.928837  0.00084329
         0.6           3   -0.938996   -0.932223  0.00282158
         0.6           4   -0.928007   -0.931169  0.00230465
         0.6           5   -0.928478   -0.930631  0.00190556
         0.6           6   -0.925474   -0.929772  0.00177123
         0.6           7   -0.928778    -0.92963  0.00152388
         0.6           8   -0.934148   -0.930194  0.00143425
         0.6           9   -0.930204   -0.930195  0.00127489
         0.6          10     -0.9232   -0.929496   0.0013255
         0.6          11   -0.931041   -0.929636  0.00121242
         0.6          12    -0.93353   -0.929961  0.00115398
         0.6          13   -0.931407   -0.930072  0.00107056
         0.6          14   -0.930604    -0.93011 0.000994767
         0.6          15   -0.936204   -0.930516  0.00100799
         0.6          16     -0.9317    -0.93059 0.000947704
         0.6          17    -0.93203   -0.930675 0.000895731
         0.6          18   -0.929059   -0.930585 0.000850454
         0.6          19   -0.928874   -0.930495 0.000810447
         0.6          20   -0.927452   -0.930343 0.000784079
         0.6          21   -0.929059   -0.930282 0.000749121
         0.6          22   -0.929326   -0.930238 0.000716329
         0.6          23   -0.928685   -0.930171  0.00068836
         0.6          24   -0.934244   -0.930341 0.000680283
         0.6          25   -0.933393   -0.930463 0.000663935
         0.6          26   -0.923956   -0.930212 0.000683945
         0.6          27   -0.932537   -0.930298 0.000664011
         0.6          28     -0.9278   -0.930209 0.000646264
         0.6          29   -0.936237   -0.930417 0.000656555
         0.6          30   -0.929437   -0.930384 0.000635482
         0.6          31   -0.925581    -0.93023 0.000633588
         0.6          32   -0.931852    -0.93028 0.000615813
         0.6          33   -0.932574    -0.93035 0.000601063
         0.6          34   -0.934922   -0.930484  0.00059824
         0.6          35     -0.9265    -0.93037 0.000591879
         0.6          36   -0.926174   -0.930254 0.000586804
         0.6          37   -0.933907   -0.930353 0.000579193
         0.6          38   -0.933078   -0.930424 0.000568374
         0.6          39   -0.927137    -0.93034 0.000560015
         0.6          40   -0.936067   -0.930483 0.000564018
         0.6          41   -0.926259    -0.93038 0.000559591
         0.6          42   -0.934622   -0.930481 0.000555308
         0.6          43   -0.934689   -0.930579 0.000550948
         0.6          44    -0.92617   -0.930479 0.000547462
         0.6          45      -0.929   -0.930446 0.000536281
         0.6          46   -0.927996   -0.930393  0.00052726
         0.6          47   -0.934448   -0.930479 0.000523055
         0.6          48   -0.923893   -0.930342  0.00052985
         0.6          49   -0.934074   -0.930418 0.000524484
         0.6          50     -0.9335    -0.93048 0.000517604
         0.6          51    -0.92537   -0.930379 0.000517058
         0.6          52   -0.930381   -0.930379 0.000507115
         0.6          53   -0.929874    -0.93037 0.000497636
         0.6          54   -0.931715   -0.930395 0.000489044
         0.6          55   -0.935978   -0.930496 0.000490574
         0.6          56   -0.924289   -0.930385 0.000494178
         0.6          57   -0.934278   -0.930454 0.000490203
         0.6          58     -0.9338   -0.930511 0.000485135
         0.6          59    -0.93143   -0.930527 0.000477162
         0.6          60   -0.939593   -0.930678  0.00049255
         0.6          61   -0.935015   -0.930749  0.00048958
         0.6          62   -0.932415   -0.930776  0.00048242
         0.6          63   -0.935067   -0.930844 0.000479546
         0.6          64   -0.929989   -0.930831 0.000472239
         0.6          65   -0.936393   -0.930916 0.000472662
         0.6          66   -0.925693   -0.930837 0.000472081
         0.6          67    -0.92847   -0.930802 0.000466355
         0.6          68    -0.92423   -0.930705 0.000469405
         0.6          69   -0.935822   -0.930779 0.000468423
         0.6          70   -0.930263   -0.930772  0.00046179
         0.6          71   -0.927807    -0.93073 0.000457169
         0.6          72   -0.926626   -0.930673  0.00045436
         0.6          73     -0.9248   -0.930593 0.000455203
         0.6          74   -0.923181   -0.930493 0.000459938
         0.6          75   -0.922581   -0.930387 0.000465744
         0.6          76   -0.928863   -0.930367 0.000460047
         0.6          77   -0.928589   -0.930344 0.000454652
         0.6          78   -0.930733   -0.930349  0.00044885
         0.6          79   -0.935522   -0.930414  0.00044792
         0.6          80   -0.928996   -0.930397 0.000442672
         0.6          81    -0.92687   -0.930353 0.000439342
         0.6          82   -0.939144    -0.93046 0.000446874
         0.6          83   -0.930989   -0.930467 0.000441535
         0.6          84   -0.931763   -0.930482 0.000436548
         0.6          85   -0.933574   -0.930519 0.000432925
         0.6          86   -0.929341   -0.930505 0.000428108
         0.6          87   -0.925719    -0.93045 0.000426708
         0.6          88   -0.936237   -0.930516 0.000426896
         0.6          89     -0.9347   -0.930563 0.000424681
         0.6          90   -0.924567   -0.930496 0.000425156
         0.6          91   -0.937278   -0.930571 0.000426965
         0.6          92   -0.934426   -0.930612 0.000424376
         0.6          93   -0.930893   -0.930615 0.000419823
         0.6          94   -0.922885   -0.930533 0.000423335
         0.6          95   -0.933544   -0.930565 0.000420064
         0.6          96    -0.93603   -0.930622 0.000419527
         0.6          97   -0.931663   -0.930633  0.00041534
         0.6          98   -0.928811   -0.930614 0.000411517
         0.6          99   -0.929307   -0.930601 0.000407572
         0.6         100   -0.930641   -0.930601 0.000403496
         0.7           1   -0.894333   -0.894333           0
         0.7           2   -0.890578   -0.892456  0.00132779
         0.7           3   -0.891789   -0.892233 0.000903597
         0.7           4   -0.889689   -0.891597 0.000873357
         0.7           5    -0.88937   -0.891152 0.000804267
         0.7           6   -0.893859   -0.891603 0.000786686
         0.7           7   -0.894678   -0.892042 0.000787436
         0.7           8   -0.898967   -0.892908  0.00106313
         0.7           9   -0.894304   -0.893063 0.000956251
         0.7          10   -0.890293   -0.892786 0.000899862
         0.7          11   -0.892904   -0.892797  0.00081812
         0.7          12   -0.892759   -0.892794 0.000749949
         0.7          13   -0.890441   -0.892613 0.000713765
         0.7          14   -0.886374   -0.892167 0.000789721
         0.7          15   -0.895152   -0.892366 0.000761732
         0.7          16   -0.895581   -0.892567 0.000740161
         0.7          17   -0.892922   -0.892588 0.000696917
         0.7          18     -0.8915   -0.892527 0.000660815
         0.7          19   -0.891922   -0.892496 0.000626802
         0.7          20    -0.89377   -0.892559 0.000598694
         0.7          21   -0.890804   -0.892476 0.000575992
         0.7          22   -0.893493   -0.892522 0.000551662
         0.7          23   -0.893322   -0.892557 0.000528773
         0.7          24   -0.889767    -0.89244 0.000519363
         0.7          25   -0.889885   -0.892338 0.000508546
         0.7          26   -0.892244   -0.892335 0.000488999
         0.7          27   -0.895185    -0.89244 0.000482151
         0.7          28   -0.892104   -0.892428 0.000465081
         0.7          29   -0.887259    -0.89225 0.000481989
         0.7          30   -0.889885   -0.892171 0.000472325
         0.7          31   -0.890385   -0.892114 0.000460588
         0.7          32   -0.891374    -0.89209 0.000446774
         0.7          33   -0.888093   -0.891969  0.00044936
         0.7          34   -0.898881   -0.892173 0.000479934
         0.7          35   -0.890222   -0.892117 0.000469446
         0.7          36   -0.890133   -0.892062 0.000459627
         0.7          37   -0.890404   -0.892017 0.000449384
         0.7          38   -0.893093   -0.892045 0.000438449
         0.7          39   -0.894815   -0.892116  0.00043292
         0.7          40   -0.889056    -0.89204 0.000428805
         0.7          41   -0.884448   -0.891855 0.000456577
         0.7          42   -0.886607    -0.89173 0.000462482
         0.7          43   -0.890711   -0.891706 0.000452333
         0.7          44   -0.889319   -0.891652 0.000445295
         0.7          45   -0.896867   -0.891768 0.000450227
         0.7          46    -0.88887   -0.891705 0.000444823
         0.7          47   -0.894278   -0.891759 0.000438715
         0.7          48   -0.888096   -0.891683 0.000436162
         0.7          49    -0.89307   -0.891711 0.000428179
         0.7          50   -0.887741   -0.891632 0.000426916
         0.7          51   -0.891485   -0.891629 0.000418555
         0.7          52   -0.895767   -0.891709    0.000418
         0.7          53   -0.889152    -0.89166 0.000412888
         0.7          54   -0.894815   -0.891719 0.000409353
         0.7          55   -0.894285   -0.891765 0.000404561
         0.7          56   -0.888926   -0.891715 0.000400502
         0.7          57   -0.889404   -0.891674 0.000395523
         0.7          58    -0.89147   -0.891671 0.000388719
         0.7          59   -0.889107   -0.891627 0.000384551
         0.7          60   -0.894896   -0.891682 0.000381982
         0.7          61   -0.890274   -0.891659 0.000376416
         0.7          62    -0.89193   -0.891663  0.00037037
         0.7          63   -0.892619   -0.891678 0.000364802
         0.7          64   -0.896189   -0.891749 0.000365847
         0.7          65   -0.889515   -0.891714 0.000361829
         0.7          66   -0.889174   -0.891676 0.000358388
         0.7          67   -0.892474   -0.891688 0.000353237
         0.7          68   -0.890504    -0.89167 0.000348471
         0.7          69   -0.887215   -0.891606 0.000349352
         0.7          70   -0.890815   -0.891594 0.000344544
         0.7          71   -0.890941   -0.891585 0.000339814
         0.7          72   -0.889759    -0.89156  0.00033604
         0.7          73   -0.890693   -0.891548 0.000331646
         0.7          74   -0.884137   -0.891448 0.000341951
         0.7          75   -0.888104   -0.891403 0.000340287
         0.7          76    -0.88963    -0.89138 0.000336609
         0.7          77   -0.899663   -0.891487 0.000349003
         0.7          78   -0.891396   -0.891486  0.00034453
         0.7          79   -0.889637   -0.891463 0.000340963
         0.7          80    -0.89033   -0.891449 0.000336996
         0.7          81   -0.888252   -0.891409 0.000335138
         0.7          82   -0.892211   -0.891419 0.000331194
         0.7          83   -0.894833    -0.89146 0.000329748
         0.7          84   -0.890944   -0.891454  0.00032588
         0.7          85   -0.888419   -0.891418 0.000323997
         0.7          86   -0.894659   -0.891456 0.000322414
         0.7          87   -0.889281   -0.891431 0.000319675
         0.7          88   -0.894444   -0.891465 0.000317871
         0.7          89   -0.894011   -0.891494 0.000315584
         0.7          90   -0.892711   -0.891507 0.000312367
         0.7          91   -0.895093   -0.891547 0.000311409
         0.7          92   -0.892093   -0.891553 0.000308081
         0.7          93   -0.891478   -0.891552 0.000304769
         0.7          94   -0.886044   -0.891493 0.000307107
         0.7          95   -0.895026   -0.891531 0.000306118
         0.7          96   -0.891867   -0.891534 0.000302949
         0.7          97   -0.890478   -0.891523 0.000300021
         0.7          98   -0.889993   -0.891508 0.000297366
         0.7          99   -0.893485   -0.891527 0.000295033
         0.7         100   -0.890226   -0.891514 0.000292369
         0.8           1   -0.845263   -0.845263           0
         0.8           2   -0.854663   -0.849963   0.0033234
         0.8           3   -0.850774   -0.850233  0.00222657
         0.8           4   -0.847067   -0.849442  0.00180519
         0.8           5    -0.84723   -0.848999  0.00149738
         0.8           6   -0.845926   -0.848487  0.00133255
         0.8           7   -0.845267   -0.848027  0.00121902
         0.8           8   -0.850207     -0.8483  0.00109669
         0.8           9   -0.847178   -0.848175  0.00098189
         0.8          10   -0.843959   -0.847753 0.000969986
         0.8          11   -0.849356   -0.847899 0.000892674
         0.8          12   -0.849326   -0.848018 0.000826167
         0.8          13   -0.853056   -0.848405 0.000848644
         0.8          14   -0.850789   -0.848576 0.000804922
         0.8          15   -0.850844   -0.848727  0.00076534
         0.8          16   -0.850078   -0.848811 0.000722148
         0.8          17   -0.853911   -0.849111 0.000739356
         0.8          18   -0.851622   -0.849251 0.000711318
         0.8          19    -0.84773   -0.849171 0.000678371
         0.8          20   -0.851859   -0.849305 0.000657637
         0.8          21   -0.850533   -0.849364 0.000628916
         0.8          22   -0.846815   -0.849248 0.000610907
         0.8          23   -0.843285   -0.848989 0.000636982
         0.8          24   -0.848463   -0.848967 0.000610817
         0.8          25   -0.849733   -0.848997 0.000587154
         0.8          26   -0.846411   -0.848898 0.000572935
         0.8          27   -0.847048   -0.848829 0.000555796
         0.8          28   -0.848396   -0.848814 0.000536161
         0.8          29   -0.844733   -0.848673 0.000535818
         0.8          30   -0.848463   -0.848666 0.000518003
         0.8          31   -0.848448   -0.848659 0.000501341
         0.8          32   -0.849307   -0.848679 0.000486084
         0.8          33   -0.846363   -0.848609 0.000476395
         0.8          34    -0.84703   -0.848563 0.000464643
         0.8          35   -0.845481   -0.848475 0.000459632
         0.8          36   -0.847985   -0.848461 0.000447066
         0.8          37   -0.850033   -0.848504 0.000436998
         0.8          38   -0.847356   -0.848473 0.000426541
         0.8          39   -0.846933   -0.848434 0.000417428
         0.8          40   -0.848326   -0.848431 0.000407001
         0.8          41   -0.850174   -0.848474 0.000399288
         0.8          42   -0.847496    -0.84845 0.000390458
         0.8          43    -0.84707   -0.848418 0.000382695
         0.8          44   -0.847204   -0.848391 0.000374992
         0.8          45   -0.849407   -0.848413 0.000367338
         0.8          46   -0.846959   -0.848382  0.00036071
         0.8          47   -0.851389   -0.848446 0.000358665
         0.8          48   -0.848663    -0.84845 0.000351222
         0.8          49   -0.845307   -0.848386 0.000349861
         0.8          50   -0.844763   -0.848314 0.000350288
         0.8          51   -0.845678   -0.848262 0.000347211
         0.8          52   -0.848222   -0.848261 0.000340535
         0.8          53     -0.8477   -0.848251 0.000334274
         0.8          54    -0.84893   -0.848263 0.000328321
         0.8          55   -0.848393   -0.848266  0.00032236
         0.8          56   -0.849185   -0.848282 0.000317021
         0.8          57   -0.851674   -0.848341 0.000316996
         0.8          58   -0.848515   -0.848344 0.000311545
         0.8          59   -0.843989   -0.848271 0.000314889
         0.8          60   -0.847959   -0.848265 0.000309684
         0.8          61   -0.847326    -0.84825  0.00030499
         0.8          62   -0.849544   -0.848271 0.000300784
         0.8          63   -0.847541   -0.848259 0.000296233
         0.8          64   -0.850263   -0.848291 0.000293254
         0.8          65   -0.848022   -0.848286 0.000288772
         0.8          66   -0.855363   -0.848394 0.000303649
         0.8          67     -0.8545   -0.848485 0.000312496
         0.8          68   -0.851541    -0.84853 0.000311115
         0.8          69   -0.849504   -0.848544 0.000306926
         0.8          70   -0.845322   -0.848498 0.000305972
         0.8          71   -0.853496   -0.848568 0.000309656
         0.8          72   -0.852522   -0.848623 0.000310187
         0.8          73   -0.850233   -0.848645 0.000306721
         0.8          74   -0.847326   -0.848627 0.000303093
         0.8          75   -0.849448   -0.848638  0.00029925
         0.8          76   -0.845222   -0.848593 0.000298669
         0.8          77   -0.847385   -0.848578 0.000295202
         0.8          78   -0.849804   -0.848593 0.000291836
         0.8          79   -0.847219   -0.848576  0.00028866
         0.8          80   -0.846685   -0.848552 0.000286018
         0.8          81   -0.850237   -0.848573 0.000283242
         0.8          82   -0.848226   -0.848569 0.000279819
         0.8          83   -0.848256   -0.848565 0.000276473
         0.8          84    -0.85037   -0.848587 0.000274016
         0.8          85   -0.847522   -0.848574 0.000271078
         0.8          86   -0.850152   -0.848593 0.000268546
         0.8          87   -0.846911   -0.848573 0.000266154
         0.8          88   -0.850974     -0.8486 0.000264524
         0.8          89   -0.846252   -0.848574 0.000262865
         0.8          90   -0.847189   -0.848559 0.000260394
         0.8          91   -0.850693   -0.848582 0.000258587
         0.8          92    -0.85213   -0.848621 0.000258635
         0.8          93     -0.8465   -0.848598 0.000256857
         0.8          94   -0.847304   -0.848584 0.000254493
         0.8          95   -0.846148   -0.848558 0.000253103
         0.8          96   -0.844367   -0.848515 0.000254205
         0.8          97   -0.845467   -0.848483 0.000253519
         0.8          98   -0.847496   -0.848473 0.000251132
         0.8          99   -0.845415   -0.848442 0.000250489
         0.8         100   -0.848367   -0.848442 0.000247985
         0.9           1   -0.803978   -0.803978           0
         0.9           2    -0.80807   -0.806024  0.00144695
         0.9           3   -0.801511    -0.80452  0.00156178
         0.9           4    -0.80287   -0.804107  0.00122456
         0.9           5   -0.805422    -0.80437  0.00100749
         0.9           6   -0.802344   -0.804033 0.000894368
         0.9           7   -0.804174   -0.804053 0.000766829
         0.9           8   -0.806915   -0.804411 0.000749792
         0.9           9   -0.805781   -0.804563 0.000681777
         0.9          10   -0.805596   -0.804666 0.000621381
         0.9          11   -0.803311   -0.804543 0.000576975
         0.9          12    -0.80133   -0.804275 0.000587762
         0.9          13   -0.804067   -0.804259 0.000542768
         0.9          14   -0.808563   -0.804567 0.000584606
         0.9          15   -0.802333   -0.804418 0.000564274
         0.9          16   -0.806189   -0.804528 0.000539755
         0.9          17   -0.802467   -0.804407 0.000521453
         0.9          18    -0.80433   -0.804403 0.000492501
         0.9          19   -0.800441   -0.804194 0.000508817
         0.9          20   -0.805411   -0.804255 0.000486999
         0.9          21   -0.806622   -0.804368 0.000476675
         0.9          22   -0.803804   -0.804342 0.000455697
         0.9          23   -0.807259   -0.804469 0.000453189
         0.9          24   -0.804215   -0.804458  0.00043443
         0.9          25   -0.806567   -0.804543 0.000425159
         0.9          26   -0.808359    -0.80469 0.000433405
         0.9          27   -0.804774   -0.804693 0.000417364
         0.9          28   -0.800511   -0.804543 0.000428345
         0.9          29   -0.805044   -0.804561 0.000413923
         0.9          30   -0.802644   -0.804497 0.000405024
         0.9          31   -0.804807   -0.804507 0.000392083
         0.9          32   -0.807148   -0.804589 0.000388421
         0.9          33   -0.803207   -0.804547 0.000378902
         0.9          34   -0.806941   -0.804618 0.000374239
         0.9          35   -0.805774   -0.804651 0.000365001
         0.9          36   -0.803607   -0.804622 0.000356012
         0.9          37   -0.805348   -0.804642  0.00034693
         0.9          38   -0.805804   -0.804672 0.000339146
         0.9          39   -0.807481   -0.804744 0.000338013
         0.9          40     -0.8043   -0.804733 0.000329745
         0.9          41    -0.80587   -0.804761 0.000322867
         0.9          42     -0.8038   -0.804738  0.00031599
         0.9          43   -0.802285   -0.804681 0.000313747
         0.9          44   -0.802556   -0.804633 0.000310312
         0.9          45   -0.803367   -0.804604 0.000304689
         0.9          46   -0.806778   -0.804652 0.000301706
         0.9          47   -0.801556   -0.804586 0.000302393
         0.9          48   -0.804867   -0.804592  0.00029615
         0.9          49   -0.804526    -0.80459 0.000290109
         0.9          50    -0.80607    -0.80462 0.000285813
         0.9          51   -0.800119   -0.804532 0.000293521
         0.9          52   -0.802552   -0.804494 0.000290335
         0.9          53   -0.806304   -0.804528 0.000286859
         0.9          54   -0.802481    -0.80449 0.000284038
         0.9          55   -0.803078   -0.804464 0.000280032
         0.9          56   -0.803563   -0.804448 0.000275493
         0.9          57   -0.801567   -0.804398 0.000275259
         0.9          58   -0.804733   -0.804403 0.000270574
         0.9          59   -0.806674   -0.804442 0.000268711
         0.9          60     -0.8046   -0.804444 0.000264246
         0.9          61      -0.803   -0.804421 0.000260973
         0.9          62   -0.801359   -0.804371 0.000261393
         0.9          63   -0.804274    -0.80437 0.000257249
         0.9          64   -0.804263   -0.804368 0.000253235
         0.9          65   -0.805641   -0.804388 0.000250094
         0.9          66   -0.802548    -0.80436 0.000247853
         0.9          67    -0.80487   -0.804367 0.000244271
         0.9          68   -0.803856    -0.80436 0.000240795
         0.9          69   -0.804437   -0.804361 0.000237308
         0.9          70   -0.804793   -0.804367 0.000233998
         0.9          71   -0.801804   -0.804331 0.000233471
         0.9          72   -0.804956    -0.80434 0.000230389
         0.9          73   -0.803526   -0.804329 0.000227503
         0.9          74   -0.804559   -0.804332  0.00022445
         0.9          75   -0.804481   -0.804334 0.000221466
         0.9          76   -0.804644   -0.804338  0.00021859
         0.9          77   -0.802644   -0.804316 0.000216855
         0.9          78   -0.802233   -0.804289 0.000215712
         0.9          79   -0.805496   -0.804304 0.000213522
         0.9          80   -0.801015   -0.804263 0.000214776
         0.9          81   -0.806174   -0.804287 0.000213416
         0.9          82      -0.803   -0.804271 0.000211389
         0.9          83   -0.808778   -0.804326 0.000215703
         0.9          84   -0.803407   -0.804315 0.000213412
         0.9          85   -0.804056   -0.804312 0.000210923
         0.9          86   -0.805196   -0.804322 0.000208721
         0.9          87   -0.804726   -0.804326 0.000206373
         0.9          88   -0.801252   -0.804292 0.000206965
         0.9          89   -0.803411   -0.804282 0.000204876
         0.9          90   -0.802904   -0.804266  0.00020317
         0.9          91   -0.803137   -0.804254 0.000201316
         0.9          92   -0.806778   -0.804281 0.000200989
         0.9          93   -0.805144   -0.804291 0.000199042
         0.9          94   -0.807737   -0.804327 0.000200272
         0.9          95   -0.802381   -0.804307 0.000199209
         0.9          96   -0.802285   -0.804286 0.000198244
         0.9          97   -0.804552   -0.804289 0.000196219
         0.9          98   -0.801548   -0.804261 0.000196199
         0.9          99   -0.805211    -0.80427 0.000194452
         0.9         100   -0.804244    -0.80427 0.000192508
           1           1   -0.764678   -0.764678           0
           1           2   -0.760848   -0.762763  0.00135398
           1           3   -0.763793   -0.763106 0.000945151
           1           4     -0.7651   -0.763605 0.000829959
           1           5   -0.761433    -0.76317 0.000769231
           1           6   -0.763141   -0.763165 0.000641042
           1           7   -0.766667   -0.763666 0.000718574
           1           8   -0.764115   -0.763722 0.000630942
           1           9     -0.7636   -0.763708 0.000560982
           1          10   -0.758156   -0.763153 0.000729656
           1          11   -0.761467      -0.763 0.000679237
           1          12   -0.763893   -0.763074 0.000626696
           1          13   -0.762611   -0.763038   0.0005795
           1          14   -0.760993   -0.762892 0.000556227
           1          15   -0.761826   -0.762821 0.000523669
           1          16   -0.757448   -0.762485 0.000588852
           1          17   -0.761793   -0.762445 0.000555623
           1          18   -0.761507   -0.762393 0.000527189
           1          19   -0.760004   -0.762267 0.000514217
           1          20   -0.759226   -0.762115  0.00051049
           1          21   -0.760667   -0.762046 0.000490817
           1          22   -0.762063   -0.762047 0.000468507
           1          23   -0.756737   -0.761816   0.0005018
           1          24   -0.759715   -0.761728 0.000488467
           1          25   -0.764019    -0.76182 0.000477442
           1          26   -0.760137   -0.761755 0.000463445
           1          27   -0.762522   -0.761784 0.000447151
           1          28   -0.759559   -0.761704 0.000438181
           1          29     -0.7645   -0.761801 0.000433547
           1          30   -0.761459   -0.761789 0.000419245
           1          31   -0.760478   -0.761747  0.00040785
           1          32    -0.76593   -0.761878 0.000415523
           1          33   -0.763463   -0.761926 0.000405699
           1          34   -0.761959   -0.761927 0.000393768
           1          35   -0.759904   -0.761869 0.000386736
           1          36   -0.763637   -0.761918 0.000379099
           1          37   -0.760037   -0.761867 0.000372246
           1          38   -0.764033   -0.761924 0.000366789
           1          39     -0.7625   -0.761939 0.000357682
           1          40   -0.761337   -0.761924 0.000349056
           1          41   -0.760211   -0.761882 0.000343033
           1          42   -0.762152   -0.761888 0.000334925
           1          43   -0.761107    -0.76187 0.000327629
           1          44   -0.760822   -0.761846 0.000321047
           1          45   -0.764585   -0.761907 0.000319629
           1          46   -0.762174   -0.761913 0.000312734
           1          47   -0.762607   -0.761928 0.000306428
           1          48   -0.763915   -0.761969 0.000302827
           1          49   -0.760548    -0.76194 0.000298033
           1          50   -0.762367   -0.761949 0.000292194
           1          51   -0.762011    -0.76195 0.000286467
           1          52    -0.76157   -0.761943 0.000281051
           1          53   -0.760822   -0.761922 0.000276543
           1          54    -0.76177   -0.761919 0.000271436
           1          55   -0.762237   -0.761925 0.000266562
           1          56   -0.760807   -0.761905 0.000262548
           1          57   -0.765252   -0.761963 0.000264427
           1          58   -0.763548   -0.761991 0.000261276
           1          59   -0.759756   -0.761953 0.000259579
           1          60   -0.765263   -0.762008  0.00026105
           1          61   -0.762619   -0.762018 0.000256962
           1          62   -0.764137   -0.762052 0.000255081
           1          63   -0.760996   -0.762035 0.000251582
           1          64   -0.761522   -0.762027 0.000247779
           1          65   -0.759941   -0.761995 0.000246037
           1          66   -0.761137   -0.761982 0.000242653
           1          67   -0.760296   -0.761957 0.000240332
           1          68   -0.762259   -0.761962 0.000236839
           1          69   -0.759922   -0.761932 0.000235244
           1          70   -0.762874   -0.761945 0.000232268
           1          71    -0.76117   -0.761935 0.000229253
           1          72   -0.765263   -0.761981 0.000230682
           1          73   -0.761741   -0.761977 0.000227546
           1          74   -0.760426   -0.761957 0.000225435
           1          75   -0.764111   -0.761985 0.000224252
           1          76   -0.761304   -0.761976 0.000221481
           1          77   -0.760604   -0.761958  0.00021932
           1          78   -0.761585   -0.761954 0.000216561
           1          79   -0.761052   -0.761942  0.00021412
           1          80   -0.761315   -0.761934 0.000211587
           1          81   -0.761767   -0.761932 0.000208985
           1          82   -0.762081   -0.761934 0.000206444
           1          83   -0.758659   -0.761895 0.000207693
           1          84   -0.763141    -0.76191  0.00020575
           1          85   -0.761774   -0.761908 0.000203336
           1          86   -0.761144   -0.761899 0.000201165
           1          87   -0.763278   -0.761915 0.000199476
           1          88   -0.762719   -0.761924 0.000197418
           1          89   -0.759541   -0.761897 0.000197008
           1          90   -0.761559   -0.761893 0.000194855
           1          91   -0.763959   -0.761916 0.000194031
           1          92   -0.761326    -0.76191 0.000192028
           1          93   -0.762219   -0.761913 0.000189992
           1          94   -0.759148   -0.761884 0.000190234
           1          95   -0.762678   -0.761892 0.000188415
           1          96   -0.760559   -0.761878 0.000186963
           1          97   -0.762148   -0.761881 0.000185057
           1          98   -0.756689   -0.761828 0.000190601
           1          99   -0.758826   -0.761798 0.000191073
           1         100   -0.759174   -0.761771 0.000190955
         1.1           1   -0.721633   -0.721633           0
         1.1           2   -0.722863   -0.722248  0.00043474
         1.1           3   -0.722489   -0.722328  0.00029714
         1.1           4     -0.7187   -0.721421 0.000816569
         1.1           5   -0.717759   -0.720689 0.000925137
         1.1           6   -0.719567   -0.720502 0.000789628
         1.1           7   -0.721756   -0.720681  0.00069684
         1.1           8   -0.721252   -0.720752 0.000613378
         1.1           9   -0.721156   -0.720797 0.000546859
         1.1          10   -0.720148   -0.720732 0.000496009
         1.1          11   -0.717674   -0.720454 0.000523059
         1.1          12   -0.721137   -0.720511 0.000482556
         1.1          13   -0.719741   -0.720452 0.000449061
         1.1          14   -0.721833   -0.720551 0.000427689
         1.1          15   -0.723433   -0.720743 0.000440245
         1.1          16   -0.723137   -0.720892 0.000437424
         1.1          17   -0.720207   -0.720852 0.000413544
         1.1          18   -0.719581   -0.720781 0.000396548
         1.1          19   -0.721244   -0.720806 0.000376425
         1.1          20   -0.725319   -0.721031 0.000419816
         1.1          21   -0.720748   -0.721018 0.000400042
         1.1          22   -0.719774   -0.720961 0.000385833
         1.1          23   -0.721119   -0.720968 0.000369118
         1.1          24   -0.722893   -0.721048 0.000362342
         1.1          25    -0.72033    -0.72102 0.000348987
         1.1          26   -0.718441   -0.720921 0.000349377
         1.1          27   -0.720626    -0.72091 0.000336607
         1.1          28   -0.719122   -0.720846 0.000330583
         1.1          29   -0.721889   -0.720882 0.000321134
         1.1          30    -0.71957   -0.720838 0.000313391
         1.1          31   -0.718559   -0.720765 0.000311783
         1.1          32   -0.719267   -0.720718 0.000305533
         1.1          33   -0.719044   -0.720667 0.000300453
         1.1          34   -0.718989   -0.720618 0.000295642
         1.1          35   -0.718867   -0.720568 0.000291397
         1.1          36   -0.721378    -0.72059 0.000284171
         1.1          37   -0.719044   -0.720548 0.000279544
         1.1          38   -0.719133   -0.720511 0.000274657
         1.1          39   -0.719359   -0.720482 0.000269197
         1.1          40   -0.722522   -0.720533 0.000267258
         1.1          41   -0.719326   -0.720503 0.000262355
         1.1          42   -0.722619   -0.720554 0.000260898
         1.1          43   -0.722763   -0.720605 0.000259841
         1.1          44   -0.718756   -0.720563 0.000257312
         1.1          45   -0.717119   -0.720486 0.000262732
         1.1          46   -0.722326   -0.720526 0.000260046
         1.1          47   -0.718322   -0.720479 0.000258707
         1.1          48   -0.717244   -0.720412 0.000261949
         1.1          49   -0.721715   -0.720439 0.000257949
         1.1          50   -0.726744   -0.720565  0.00028194
         1.1          51   -0.720478   -0.720563 0.000276417
         1.1          52   -0.721815   -0.720587 0.000272147
         1.1          53   -0.719022   -0.720558 0.000268609
         1.1          54     -0.7173   -0.720497 0.000270324
         1.1          55   -0.720159   -0.720491 0.000265479
         1.1          56   -0.719152   -0.720467 0.000261813
         1.1          57   -0.718785   -0.720438 0.000258878
         1.1          58   -0.723104   -0.720484 0.000258463
         1.1          59   -0.719278   -0.720463 0.000254889
         1.1          60   -0.717922   -0.720421 0.000254135
         1.1          61   -0.720737   -0.720426 0.000250021
         1.1          62   -0.720059    -0.72042 0.000246059
         1.1          63    -0.72263   -0.720455  0.00024464
         1.1          64   -0.721715   -0.720475 0.000241608
         1.1          65   -0.719163   -0.720455 0.000238732
         1.1          66   -0.724607   -0.720518 0.000243265
         1.1          67   -0.721937   -0.720539 0.000240555
         1.1          68    -0.72123   -0.720549 0.000237232
         1.1          69   -0.720533   -0.720549 0.000233794
         1.1          70   -0.720515   -0.720548 0.000230455
         1.1          71   -0.724152   -0.720599 0.000232731
         1.1          72   -0.719496   -0.720584 0.000230002
         1.1          73   -0.722181   -0.720606  0.00022789
         1.1          74   -0.721822   -0.720622 0.000225403
         1.1          75     -0.7202   -0.720616 0.000222468
         1.1          76   -0.717263   -0.720572 0.000223873
         1.1          77   -0.720096   -0.720566 0.000221051
         1.1          78   -0.723407   -0.720603 0.000221198
         1.1          79   -0.721315   -0.720612 0.000218582
         1.1          80   -0.719778   -0.720601 0.000216098
         1.1          81   -0.720544     -0.7206 0.000213431
         1.1          82   -0.719833   -0.720591 0.000211033
         1.1          83   -0.720185   -0.720586 0.000208548
         1.1          84   -0.721511   -0.720597 0.000206355
         1.1          85   -0.721811   -0.720611 0.000204421
         1.1          86   -0.722644   -0.720635 0.000203406
         1.1          87    -0.72197    -0.72065 0.000201647
         1.1          88   -0.722048   -0.720666  0.00019998
         1.1          89   -0.721048   -0.720671 0.000197779
         1.1          90   -0.720674   -0.720671 0.000195581
         1.1          91   -0.719748   -0.720661 0.000193695
         1.1          92   -0.720956   -0.720664 0.000191616
         1.1          93   -0.719507   -0.720651 0.000189958
         1.1          94   -0.721852   -0.720664 0.000188366
         1.1          95   -0.720489   -0.720662 0.000186393
         1.1          96   -0.722441   -0.720681 0.000185369
         1.1          97   -0.722026   -0.720695 0.000183976
         1.1          98   -0.719878   -0.720686 0.000182288
         1.1          99   -0.719144   -0.720671 0.000181111
         1.1         100   -0.721848   -0.720682 0.000179682
         1.2           1   -0.683481   -0.683481           0
         1.2           2   -0.679193   -0.681337  0.00151635
         1.2           3   -0.684978   -0.682551  0.00141555
         1.2           4   -0.679615   -0.681817  0.00123739
         1.2           5   -0.679881    -0.68143   0.0010487
         1.2           6   -0.684011    -0.68186 0.000958116
         1.2           7   -0.685237   -0.682342 0.000934851
         1.2           8   -0.683356   -0.682469  0.00082653
         1.2           9   -0.684341   -0.682677 0.000760408
         1.2          10   -0.680919   -0.682501 0.000704406
         1.2          11   -0.682578   -0.682508 0.000640403
         1.2          12   -0.683363   -0.682579 0.000590986
         1.2          13    -0.67883   -0.682291 0.000611878
         1.2          14   -0.681722    -0.68225 0.000569519
         1.2          15   -0.685244    -0.68245 0.000565451
         1.2          16     -0.6827   -0.682466 0.000530327
         1.2          17   -0.684281   -0.682572 0.000509776
         1.2          18   -0.678978   -0.682373 0.000519098
         1.2          19   -0.684015   -0.682459  0.00049892
         1.2          20   -0.681467   -0.682409 0.000476435
         1.2          21   -0.683759   -0.682474 0.000458063
         1.2          22   -0.683696   -0.682529   0.0004406
         1.2          23   -0.682785    -0.68254 0.000421584
         1.2          24   -0.682348   -0.682532 0.000404094
         1.2          25   -0.684078   -0.682594  0.00039263
         1.2          26   -0.680263   -0.682505 0.000387632
         1.2          27   -0.682185   -0.682493 0.000373455
         1.2          28   -0.682556   -0.682495 0.000360124
         1.2          29   -0.683381   -0.682526 0.000349001
         1.2          30   -0.684115   -0.682579 0.000341365
         1.2          31   -0.683752   -0.682616 0.000332445
         1.2          32   -0.678711   -0.682494 0.000343727
         1.2          33   -0.682804   -0.682504 0.000333439
         1.2          34    -0.67987   -0.682426 0.000332505
         1.2          35   -0.678159   -0.682304 0.000344631
         1.2          36    -0.68233   -0.682305 0.000335059
         1.2          37   -0.680737   -0.682263 0.000328672
         1.2          38   -0.679607   -0.682193 0.000327367
         1.2          39   -0.679885   -0.682134 0.000324276
         1.2          40    -0.68247   -0.682142 0.000316278
         1.2          41   -0.682919   -0.682161  0.00030913
         1.2          42   -0.681804   -0.682152 0.000301887
         1.2          43       -0.68   -0.682102 0.000298988
         1.2          44   -0.684111   -0.682148 0.000295657
         1.2          45   -0.683056   -0.682168 0.000289774
         1.2          46   -0.680096   -0.682123 0.000286954
         1.2          47   -0.681596   -0.682112 0.000281068
         1.2          48   -0.682641   -0.682123 0.000275428
         1.2          49    -0.68007   -0.682081 0.000272974
         1.2          50   -0.684619   -0.682132 0.000272191
         1.2          51   -0.684152   -0.682171  0.00026972
         1.2          52    -0.68277   -0.682183 0.000264779
         1.2          53   -0.682274   -0.682185 0.000259789
         1.2          54   -0.682019   -0.682182 0.000254996
         1.2          55   -0.680459    -0.68215 0.000252275
         1.2          56   -0.682033   -0.682148 0.000247779
         1.2          57   -0.681367   -0.682135 0.000243811
         1.2          58   -0.683589    -0.68216 0.000240893
         1.2          59   -0.681163   -0.682143 0.000237402
         1.2          60   -0.682507   -0.682149 0.000233523
         1.2          61   -0.681296   -0.682135 0.000230113
         1.2          62   -0.683067    -0.68215 0.000226892
         1.2          63   -0.682407   -0.682154 0.000223327
         1.2          64   -0.684019   -0.682183  0.00022173
         1.2          65   -0.684359   -0.682217 0.000220832
         1.2          66   -0.682926   -0.682227 0.000217747
         1.2          67   -0.682452   -0.682231 0.000214523
         1.2          68   -0.682863    -0.68224  0.00021157
         1.2          69   -0.681378   -0.682227 0.000208872
         1.2          70   -0.682359   -0.682229 0.000205897
         1.2          71   -0.682881   -0.682238 0.000203202
         1.2          72   -0.683156   -0.682251 0.000200778
         1.2          73    -0.67957   -0.682215 0.000201358
         1.2          74   -0.682415   -0.682217 0.000198655
         1.2          75   -0.680593   -0.682196 0.000197184
         1.2          76   -0.683559   -0.682213 0.000195404
         1.2          77   -0.681574   -0.682205 0.000193043
         1.2          78    -0.68343   -0.682221 0.000191205
         1.2          79   -0.682519   -0.682225 0.000188822
         1.2          80   -0.681152   -0.682211 0.000186937
         1.2          81   -0.684185   -0.682236 0.000186211
         1.2          82   -0.681767    -0.68223 0.000184028
         1.2          83   -0.685074   -0.682264 0.000184974
         1.2          84   -0.681504   -0.682255 0.000182993
         1.2          85   -0.682119   -0.682254 0.000180847
         1.2          86   -0.681152   -0.682241 0.000179198
         1.2          87   -0.682178    -0.68224 0.000177139
         1.2          88   -0.682322   -0.682241 0.000175129
         1.2          89   -0.683189   -0.682252 0.000173485
         1.2          90   -0.680952   -0.682237 0.000172157
         1.2          91   -0.682926   -0.682245 0.000170432
         1.2          92   -0.682837   -0.682251 0.000168701
         1.2          93   -0.685037   -0.682281 0.000169525
         1.2          94   -0.681433   -0.682272 0.000167962
         1.2          95   -0.685207   -0.682303 0.000169012
         1.2          96   -0.682652   -0.682307  0.00016729
         1.2          97   -0.682741   -0.682311 0.000165626
         1.2          98   -0.682015   -0.682308 0.000163963
         1.2          99   -0.681207   -0.682297 0.000162683
         1.2         100   -0.680137   -0.682275 0.000162484
         1.3           1   -0.644963   -0.644963           0
         1.3           2   -0.646296    -0.64563 0.000471405
         1.3           3   -0.643841   -0.645033 0.000579493
         1.3           4     -0.6442   -0.644825 0.000470581
         1.3           5   -0.643819   -0.644624 0.000417303
         1.3           6   -0.643393   -0.644419 0.000394988
         1.3           7   -0.646878    -0.64477 0.000469488
         1.3           8   -0.649111   -0.645312 0.000653014
         1.3           9   -0.645611   -0.645346 0.000581299
         1.3          10   -0.646133   -0.645424 0.000528478
         1.3          11   -0.647333   -0.645598 0.000508129
         1.3          12   -0.650426      -0.646 0.000604429
         1.3          13   -0.648593     -0.6462 0.000589911
         1.3          14   -0.644041   -0.646046 0.000567574
         1.3          15   -0.646256    -0.64606 0.000529908
         1.3          16   -0.647907   -0.646175 0.000509219
         1.3          17   -0.646804   -0.646212 0.000480606
         1.3          18   -0.644585   -0.646122 0.000462326
         1.3          19   -0.645822   -0.646106 0.000438261
         1.3          20   -0.647733   -0.646187 0.000423835
         1.3          21   -0.644919   -0.646127 0.000407936
         1.3          22   -0.645293   -0.646089 0.000391152
         1.3          23     -0.6458   -0.646076 0.000374347
         1.3          24   -0.648363   -0.646172 0.000370675
         1.3          25   -0.645267   -0.646135 0.000357611
         1.3          26   -0.646293   -0.646141 0.000343908
         1.3          27   -0.645178   -0.646106 0.000333018
         1.3          28   -0.644785   -0.646059 0.000324447
         1.3          29   -0.646078   -0.646059  0.00031326
         1.3          30   -0.645919   -0.646055 0.000302853
         1.3          31   -0.646674   -0.646075 0.000293742
         1.3          32   -0.645256   -0.646049 0.000285675
         1.3          33   -0.647048   -0.646079 0.000278618
         1.3          34   -0.646541   -0.646093 0.000270754
         1.3          35   -0.646293   -0.646099 0.000263079
         1.3          36   -0.647241    -0.64613 0.000257677
         1.3          37   -0.645241   -0.646106 0.000251832
         1.3          38   -0.649615   -0.646199 0.000261584
         1.3          39   -0.646419   -0.646204 0.000254937
         1.3          40   -0.646585   -0.646214 0.000248742
         1.3          41   -0.644781   -0.646179 0.000245116
         1.3          42   -0.644341   -0.646135 0.000243155
         1.3          43   -0.645596   -0.646122 0.000237822
         1.3          44   -0.645604   -0.646111  0.00023271
         1.3          45   -0.643807    -0.64606 0.000233099
         1.3          46   -0.646922   -0.646078 0.000228785
         1.3          47     -0.6509   -0.646181 0.000245845
         1.3          48   -0.646533   -0.646188 0.000240833
         1.3          49   -0.643837    -0.64614  0.00024065
         1.3          50   -0.646304   -0.646143  0.00023586
         1.3          51   -0.646681   -0.646154 0.000231471
         1.3          52   -0.645937    -0.64615 0.000227057
         1.3          53     -0.6464   -0.646155 0.000222822
         1.3          54   -0.646196   -0.646155 0.000218697
         1.3          55   -0.646107   -0.646154 0.000214722
         1.3          56   -0.644744   -0.646129 0.000212359
         1.3          57   -0.645778   -0.646123 0.000208723
         1.3          58   -0.646615   -0.646132 0.000205297
         1.3          59   -0.646693   -0.646141 0.000202037
         1.3          60     -0.6462   -0.646142 0.000198672
         1.3          61   -0.649344   -0.646195 0.000202232
         1.3          62     -0.6459    -0.64619 0.000199026
         1.3          63   -0.645267   -0.646175 0.000196406
         1.3          64   -0.645611   -0.646166 0.000193535
         1.3          65   -0.645574   -0.646157 0.000190772
         1.3          66   -0.646963   -0.646169 0.000188271
         1.3          67    -0.64407   -0.646138  0.00018805
         1.3          68   -0.648578   -0.646174 0.000188676
         1.3          69   -0.647548   -0.646194  0.00018699
         1.3          70   -0.647437   -0.646212  0.00018516
         1.3          71   -0.648148   -0.646239  0.00018455
         1.3          72   -0.646707   -0.646245 0.000182101
         1.3          73   -0.647985   -0.646269 0.000181159
         1.3          74    -0.65067   -0.646329 0.000188221
         1.3          75   -0.646693   -0.646334 0.000185773
         1.3          76   -0.648133   -0.646357 0.000184832
         1.3          77   -0.649015   -0.646392 0.000185626
         1.3          78    -0.64507   -0.646375 0.000184018
         1.3          79   -0.644459   -0.646351 0.000183279
         1.3          80   -0.646119   -0.646348 0.000181011
         1.3          81   -0.647781   -0.646365  0.00017964
         1.3          82   -0.646404   -0.646366  0.00017745
         1.3          83      -0.648   -0.646386   0.0001764
         1.3          84    -0.64763     -0.6464 0.000174921
         1.3          85     -0.6463   -0.646399 0.000172867
         1.3          86   -0.649259   -0.646432 0.000174027
         1.3          87   -0.646604   -0.646434 0.000172037
         1.3          88   -0.646937    -0.64644 0.000170177
         1.3          89   -0.645867   -0.646434 0.000168387
         1.3          90   -0.647437   -0.646445 0.000166885
         1.3          91   -0.647185   -0.646453 0.000165249
         1.3          92    -0.64633   -0.646452 0.000163458
         1.3          93      -0.645   -0.646436 0.000162444
         1.3          94     -0.6474   -0.646446 0.000161039
         1.3          95   -0.646037   -0.646442 0.000159402
         1.3          96   -0.645367   -0.646431 0.000158135
         1.3          97   -0.648433   -0.646451 0.000157846
         1.3          98     -0.6473    -0.64646 0.000156473
         1.3          99   -0.646019   -0.646456 0.000154956
         1.3         100   -0.645433   -0.646445 0.000153743
         1.4           1   -0.613711   -0.613711           0
         1.4           2     -0.6135   -0.613606  7.4639e-05
         1.4           3    -0.61543   -0.614214 0.000498938
         1.4           4   -0.613667   -0.614077 0.000392491
         1.4           5   -0.613122   -0.613886 0.000357426
         1.4           6   -0.615737   -0.614194 0.000409924
         1.4           7   -0.611074   -0.613749 0.000542013
         1.4           8   -0.612033   -0.613534 0.000514929
         1.4           9   -0.611619   -0.613321 0.000499778
         1.4          10   -0.612207    -0.61321 0.000462048
         1.4          11   -0.613015   -0.613192 0.000420384
         1.4          12   -0.613752   -0.613239  0.00038793
         1.4          13   -0.613222   -0.613238 0.000358092
         1.4          14   -0.613189   -0.613234 0.000332531
         1.4          15   -0.613404   -0.613245 0.000310554
         1.4          16   -0.611741   -0.613151 0.000305051
         1.4          17   -0.612907   -0.613137 0.000287445
         1.4          18   -0.614607   -0.613219 0.000282845
         1.4          19   -0.612878   -0.613201 0.000268527
         1.4          20     -0.6131   -0.613196 0.000255148
         1.4          21   -0.617033   -0.613378 0.000301417
         1.4          22   -0.612922   -0.613358 0.000288429
         1.4          23   -0.613644    -0.61337 0.000276158
         1.4          24   -0.614278   -0.613408 0.000267228
         1.4          25   -0.614611   -0.613456 0.000260836
         1.4          26   -0.612185   -0.613407 0.000255343
         1.4          27   -0.612278   -0.613365 0.000249289
         1.4          28   -0.613256   -0.613362 0.000240417
         1.4          29   -0.611593   -0.613301  0.00023974
         1.4          30   -0.615404   -0.613371 0.000241782
         1.4          31   -0.615256   -0.613431 0.000241507
         1.4          32   -0.613281   -0.613427 0.000234006
         1.4          33   -0.610767   -0.613346 0.000240397
         1.4          34   -0.616019   -0.613425 0.000245841
         1.4          35   -0.611952   -0.613383 0.000242392
         1.4          36   -0.613133   -0.613376 0.000235758
         1.4          37   -0.611967   -0.613338 0.000232441
         1.4          38   -0.614711   -0.613374 0.000229117
         1.4          39   -0.613793   -0.613385 0.000223494
         1.4          40   -0.612378   -0.613359 0.000219319
         1.4          41   -0.612904   -0.613348 0.000214251
         1.4          42   -0.614926   -0.613386 0.000212418
         1.4          43   -0.611885   -0.613351 0.000210325
         1.4          44   -0.615337   -0.613396 0.000210333
         1.4          45   -0.614493    -0.61342 0.000207065
         1.4          46     -0.6101   -0.613348 0.000214777
         1.4          47   -0.614796   -0.613379 0.000212406
         1.4          48   -0.612178   -0.613354  0.00020945
         1.4          49   -0.616504   -0.613418 0.000214813
         1.4          50   -0.612115   -0.613392 0.000212092
         1.4          51   -0.611996   -0.613365 0.000209692
         1.4          52   -0.615181     -0.6134  0.00020855
         1.4          53     -0.6164   -0.613456 0.000212158
         1.4          54   -0.614452   -0.613475 0.000209029
         1.4          55     -0.6135   -0.613475 0.000205229
         1.4          56   -0.613411   -0.613474 0.000201567
         1.4          57   -0.614004   -0.613483 0.000198245
         1.4          58    -0.61083   -0.613438 0.000200038
         1.4          59   -0.613193   -0.613434  0.00019669
         1.4          60   -0.611656   -0.613404 0.000195631
         1.4          61   -0.615722   -0.613442 0.000196081
         1.4          62   -0.611407   -0.613409 0.000195645
         1.4          63   -0.616889   -0.613464 0.000200185
         1.4          64   -0.612548    -0.61345 0.000197568
         1.4          65   -0.614037   -0.613459 0.000194735
         1.4          66   -0.615289   -0.613487 0.000193748
         1.4          67   -0.616374    -0.61353  0.00019559
         1.4          68   -0.613793   -0.613534 0.000192752
         1.4          69   -0.609748   -0.613479 0.000197612
         1.4          70   -0.614204   -0.613489  0.00019506
         1.4          71   -0.614574   -0.613504 0.000192911
         1.4          72    -0.61413   -0.613513 0.000190427
         1.4          73   -0.612633   -0.613501 0.000188199
         1.4          74    -0.61377   -0.613505 0.000185691
         1.4          75   -0.611933   -0.613484 0.000184393
         1.4          76   -0.612215   -0.613467 0.000182722
         1.4          77    -0.61097   -0.613435 0.000183203
         1.4          78   -0.614022   -0.613442 0.000181009
         1.4          79   -0.613433   -0.613442 0.000178718
         1.4          80   -0.611911   -0.613423 0.000177505
         1.4          81   -0.612207   -0.613408 0.000175947
         1.4          82   -0.616081   -0.613441 0.000176797
         1.4          83   -0.613863   -0.613446  0.00017474
         1.4          84   -0.614019   -0.613452 0.000172793
         1.4          85   -0.611252   -0.613427 0.000172688
         1.4          86   -0.613456   -0.613427 0.000170681
         1.4          87   -0.611374   -0.613403 0.000170342
         1.4          88   -0.613633   -0.613406 0.000168426
         1.4          89   -0.613863   -0.613411 0.000166612
         1.4          90   -0.610578    -0.61338 0.000167709
         1.4          91   -0.614207   -0.613389 0.000166112
         1.4          92   -0.613856   -0.613394 0.000164384
         1.4          93   -0.614785   -0.613409 0.000163296
         1.4          94   -0.611474   -0.613388 0.000162851
         1.4          95   -0.612659    -0.61338 0.000161317
         1.4          96   -0.614219   -0.613389 0.000159873
         1.4          97   -0.612937   -0.613385 0.000158293
         1.4          98   -0.612652   -0.613377 0.000156854
         1.4          99   -0.616022   -0.613404 0.000157529
         1.4         100   -0.615489   -0.613425 0.000157327
         1.5           1    -0.58077    -0.58077           0
         1.5           2   -0.580556   -0.580663 7.59485e-05
         1.5           3   -0.583767   -0.581698 0.000846237
         1.5           4   -0.580122   -0.581304 0.000720514
         1.5           5   -0.584463   -0.581936 0.000807242
         1.5           6   -0.583085   -0.582127 0.000695069
         1.5           7     -0.5806   -0.581909 0.000629081
         1.5           8   -0.583956   -0.582165 0.000600212
         1.5           9   -0.580696   -0.582002 0.000555258
         1.5          10   -0.582078   -0.582009 0.000499784
         1.5          11   -0.583296   -0.582126 0.000467844
         1.5          12   -0.582141   -0.582127 0.000428859
         1.5          13   -0.584141   -0.582282 0.000422909
         1.5          14   -0.580222   -0.582135 0.000417517
         1.5          15   -0.583881   -0.582252 0.000405589
         1.5          16   -0.583815   -0.582349 0.000391831
         1.5          17   -0.584456   -0.582473 0.000387876
         1.5          18   -0.580707   -0.582375 0.000378529
         1.5          19   -0.583837   -0.582452 0.000366344
         1.5          20    -0.58437   -0.582548 0.000360364
         1.5          21   -0.582563   -0.582549 0.000343205
         1.5          22   -0.581067   -0.582481  0.00033415
         1.5          23   -0.585219     -0.5826 0.000340155
         1.5          24   -0.585593   -0.582725 0.000348082
         1.5          25   -0.582567   -0.582719 0.000334216
         1.5          26   -0.583248   -0.582739 0.000321982
         1.5          27   -0.581319   -0.582686 0.000314325
         1.5          28    -0.58143   -0.582642 0.000306288
         1.5          29   -0.580359   -0.582563 0.000305669
         1.5          30   -0.583311   -0.582588 0.000296496
         1.5          31   -0.583167   -0.582606 0.000287519
         1.5          32    -0.58487   -0.582677 0.000287107
         1.5          33    -0.58297   -0.582686 0.000278544
         1.5          34   -0.582263   -0.582674 0.000270629
         1.5          35   -0.583381   -0.582694 0.000263652
         1.5          36   -0.583444   -0.582715 0.000257151
         1.5          37     -0.5795   -0.582628 0.000264472
         1.5          38   -0.586422   -0.582728 0.000275718
         1.5          39   -0.583222    -0.58274  0.00026894
         1.5          40   -0.584293   -0.582779 0.000265001
         1.5          41   -0.586363   -0.582867 0.000272573
         1.5          42   -0.579974   -0.582798 0.000274646
         1.5          43   -0.583222   -0.582808 0.000268436
         1.5          44   -0.585089   -0.582859 0.000267295
         1.5          45   -0.584796   -0.582902 0.000264798
         1.5          46   -0.580633   -0.582853 0.000263596
         1.5          47   -0.584315   -0.582884 0.000259816
         1.5          48   -0.582741   -0.582881  0.00025442
         1.5          49   -0.583337   -0.582891 0.000249398
         1.5          50   -0.581863    -0.58287 0.000245256
         1.5          51   -0.583693   -0.582886 0.000240976
         1.5          52   -0.583796   -0.582904 0.000236977
         1.5          53   -0.584241   -0.582929 0.000233845
         1.5          54   -0.583948   -0.582948 0.000230275
         1.5          55   -0.583881   -0.582965 0.000226713
         1.5          56   -0.582496   -0.582956 0.000222819
         1.5          57   -0.582237   -0.582944 0.000219267
         1.5          58   -0.582626   -0.582938 0.000215555
         1.5          59    -0.58397   -0.582956  0.00021261
         1.5          60   -0.580556   -0.582916 0.000212797
         1.5          61   -0.584748   -0.582946 0.000211418
         1.5          62   -0.583089   -0.582948  0.00020802
         1.5          63   -0.582289   -0.582938 0.000204981
         1.5          64   -0.581122   -0.582909 0.000203732
         1.5          65   -0.584359   -0.582932 0.000201815
         1.5          66   -0.584333   -0.582953 0.000199872
         1.5          67   -0.583796   -0.582965 0.000197285
         1.5          68   -0.583196   -0.582969 0.000194413
         1.5          69   -0.581978   -0.582954 0.000192125
         1.5          70   -0.583874   -0.582968 0.000189829
         1.5          71   -0.584933   -0.582995 0.000189164
         1.5          72   -0.581904    -0.58298 0.000187143
         1.5          73   -0.583181   -0.582983   0.0001846
         1.5          74   -0.583156   -0.582985  0.00018212
         1.5          75    -0.58327   -0.582989 0.000179731
         1.5          76   -0.583981   -0.583002  0.00017784
         1.5          77   -0.581474   -0.582982 0.000176634
         1.5          78     -0.5794   -0.582936 0.000180241
         1.5          79    -0.58113   -0.582913 0.000179405
         1.5          80   -0.584341   -0.582931 0.000178047
         1.5          81   -0.583885   -0.582943 0.000176238
         1.5          82   -0.582352   -0.582936 0.000174236
         1.5          83   -0.585011   -0.582961 0.000173922
         1.5          84   -0.584967   -0.582985 0.000173483
         1.5          85   -0.582552    -0.58298 0.000171516
         1.5          86    -0.58153   -0.582963 0.000170349
         1.5          87   -0.581341   -0.582944 0.000169408
         1.5          88   -0.584181   -0.582958 0.000168065
         1.5          89   -0.582193    -0.58295 0.000166397
         1.5          90   -0.582307   -0.582942 0.000164701
         1.5          91   -0.584578    -0.58296 0.000163869
         1.5          92    -0.58247   -0.582955 0.000162174
         1.5          93   -0.583267   -0.582958 0.000160465
         1.5          94   -0.584222   -0.582972  0.00015932
         1.5          95   -0.581989   -0.582962 0.000157978
         1.5          96   -0.583367   -0.582966 0.000156389
         1.5          97   -0.583544   -0.582972 0.000154891
         1.5          98   -0.583167   -0.582974 0.000153323
         1.5          99   -0.580752   -0.582951 0.000153408
         1.5         100   -0.579852    -0.58292 0.000154973
         1.6           1   -0.554537   -0.554537           0
         1.6           2   -0.555663     -0.5551 0.000398075
         1.6           3   -0.555074   -0.555091 0.000265477
         1.6           4   -0.554019   -0.554823 0.000305935
         1.6           5   -0.553481   -0.554555 0.000342788
         1.6           6   -0.555441   -0.554702 0.000315861
         1.6           7   -0.554941   -0.554737 0.000272566
         1.6           8   -0.553041   -0.554525 0.000310153
         1.6           9   -0.556837   -0.554781 0.000367003
         1.6          10   -0.554052   -0.554709 0.000337477
         1.6          11   -0.554878   -0.554724 0.000307148
         1.6          12    -0.55393   -0.554658 0.000288596
         1.6          13   -0.555719   -0.554739 0.000277693
         1.6          14   -0.553352    -0.55464 0.000274974
         1.6          15   -0.557063   -0.554802 0.000300356
         1.6          16    -0.55437   -0.554775 0.000282791
         1.6          17   -0.553752   -0.554715 0.000272483
         1.6          18   -0.553567   -0.554651 0.000264703
         1.6          19   -0.556115   -0.554728 0.000261746
         1.6          20   -0.553989   -0.554691 0.000251253
         1.6          21   -0.556385   -0.554772 0.000251909
         1.6          22   -0.552581   -0.554672 0.000259384
         1.6          23   -0.555278   -0.554698  0.00024944
         1.6          24   -0.554915   -0.554707  0.00023921
         1.6          25   -0.556074   -0.554762 0.000235805
         1.6          26    -0.55417   -0.554739 0.000227831
         1.6          27   -0.555626   -0.554772 0.000221747
         1.6          28   -0.555122   -0.554785 0.000214179
         1.6          29   -0.555274   -0.554802 0.000207458
         1.6          30   -0.555178   -0.554814 0.000200921
         1.6          31   -0.556311   -0.554862 0.000200159
         1.6          32   -0.554981   -0.554866 0.000193939
         1.6          33   -0.555026   -0.554871 0.000188122
         1.6          34   -0.554481   -0.554859 0.000182938
         1.6          35   -0.556404   -0.554904 0.000182954
         1.6          36    -0.55487   -0.554903 0.000177874
         1.6          37   -0.554044   -0.554879 0.000174573
         1.6          38   -0.553493   -0.554843 0.000173752
         1.6          39   -0.555885    -0.55487  0.00017134
         1.6          40   -0.550856   -0.554769 0.000194234
         1.6          41   -0.553222   -0.554732 0.000193127
         1.6          42   -0.553248   -0.554696 0.000191732
         1.6          43   -0.555026   -0.554704 0.000187426
         1.6          44   -0.554522     -0.5547 0.000183212
         1.6          45   -0.553704   -0.554678 0.000180473
         1.6          46   -0.555333   -0.554692 0.000177111
         1.6          47   -0.554167   -0.554681 0.000173695
         1.6          48   -0.556993   -0.554729 0.000176628
         1.6          49   -0.553533   -0.554705   0.0001747
         1.6          50   -0.555178   -0.554714 0.000171463
         1.6          51   -0.554604   -0.554712 0.000168114
         1.6          52    -0.55517   -0.554721 0.000165112
         1.6          53   -0.552944   -0.554687 0.000165363
         1.6          54   -0.554974   -0.554692 0.000162386
         1.6          55   -0.553178   -0.554665 0.000161752
         1.6          56   -0.557141   -0.554709 0.000164795
         1.6          57   -0.556048   -0.554733  0.00016357
         1.6          58   -0.554863   -0.554735 0.000160765
         1.6          59   -0.555474   -0.554747 0.000158528
         1.6          60   -0.556478   -0.554776 0.000158487
         1.6          61   -0.554711   -0.554775 0.000155893
         1.6          62   -0.554911   -0.554777 0.000153394
         1.6          63   -0.554985   -0.554781 0.000150994
         1.6          64    -0.55383   -0.554766 0.000149364
         1.6          65   -0.556315    -0.55479 0.000148955
         1.6          66   -0.555085   -0.554794 0.000146766
         1.6          67   -0.555422   -0.554803 0.000144874
         1.6          68    -0.55437   -0.554797 0.000142884
         1.6          69   -0.553848   -0.554783 0.000141473
         1.6          70   -0.554793   -0.554783 0.000139452
         1.6          71   -0.554785   -0.554784 0.000137488
         1.6          72   -0.555115   -0.554788 0.000135656
         1.6          73   -0.555659     -0.5548 0.000134321
         1.6          74   -0.554341   -0.554794 0.000132649
         1.6          75   -0.555119   -0.554798 0.000130951
         1.6          76   -0.554463   -0.554794 0.000129303
         1.6          77   -0.554585   -0.554791 0.000127652
         1.6          78   -0.552496   -0.554762 0.000129361
         1.6          79   -0.553985   -0.554752 0.000128096
         1.6          80     -0.5572   -0.554782 0.000130099
         1.6          81   -0.555337   -0.554789 0.000128673
         1.6          82   -0.553444   -0.554773 0.000128145
         1.6          83   -0.553993   -0.554763 0.000126945
         1.6          84   -0.552593   -0.554738 0.000128038
         1.6          85   -0.555774    -0.55475 0.000127111
         1.6          86     -0.5554   -0.554757 0.000125857
         1.6          87     -0.5558   -0.554769  0.00012498
         1.6          88   -0.553715   -0.554757 0.000124133
         1.6          89   -0.552959   -0.554737 0.000124371
         1.6          90   -0.554044   -0.554729 0.000123227
         1.6          91   -0.555415   -0.554737 0.000122103
         1.6          92   -0.555222   -0.554742  0.00012089
         1.6          93   -0.555552   -0.554751 0.000119903
         1.6          94   -0.555922   -0.554763 0.000119273
         1.6          95   -0.554756   -0.554763 0.000118018
         1.6          96   -0.555148   -0.554767 0.000116856
         1.6          97    -0.55487   -0.554768 0.000115656
         1.6          98   -0.553844   -0.554759  0.00011486
         1.6          99    -0.55473   -0.554759   0.0001137
         1.6         100   -0.555815   -0.554769 0.000113052
         1.7           1   -0.527681   -0.527681           0
         1.7           2   -0.531204   -0.529443  0.00124529
         1.7           3   -0.528067   -0.528984 0.000910747
         1.7           4   -0.528078   -0.528757 0.000710678
         1.7           5   -0.528767   -0.528759 0.000568544
         1.7           6   -0.528015   -0.528635 0.000487137
         1.7           7   -0.527685   -0.528499 0.000436041
         1.7           8   -0.529459   -0.528619 0.000397699
         1.7           9   -0.526478   -0.528381 0.000418693
         1.7          10   -0.527278   -0.528271 0.000391101
         1.7          11   -0.529048   -0.528342 0.000361869
         1.7          12   -0.527767   -0.528294 0.000334872
         1.7          13   -0.527974   -0.528269 0.000310014
         1.7          14   -0.528315   -0.528272 0.000287888
         1.7          15    -0.52887   -0.528312  0.00027144
         1.7          16   -0.527985   -0.528292 0.000255244
         1.7          17   -0.530926   -0.528447 0.000283382
         1.7          18   -0.528656   -0.528458 0.000267876
         1.7          19   -0.531548   -0.528621 0.000299091
         1.7          20   -0.528415   -0.528611 0.000284314
         1.7          21   -0.527596   -0.528562 0.000274848
         1.7          22   -0.528807   -0.528574 0.000262581
         1.7          23   -0.530522   -0.528658  0.00026448
         1.7          24   -0.529337   -0.528687 0.000254967
         1.7          25   -0.529419   -0.528716 0.000246444
         1.7          26   -0.527804   -0.528681 0.000239449
         1.7          27   -0.527519   -0.528638 0.000234418
         1.7          28   -0.530481   -0.528704 0.000235113
         1.7          29   -0.530356   -0.528761 0.000233804
         1.7          30   -0.528726   -0.528759 0.000226014
         1.7          31    -0.52843   -0.528749 0.000218973
         1.7          32   -0.530737   -0.528811  0.00022077
         1.7          33   -0.527322   -0.528766  0.00021864
         1.7          34   -0.527274   -0.528722 0.000216567
         1.7          35   -0.527807   -0.528696 0.000211949
         1.7          36   -0.527263   -0.528656 0.000209765
         1.7          37   -0.529526   -0.528679  0.00020541
         1.7          38   -0.530737   -0.528734 0.000207018
         1.7          39   -0.530067   -0.528768 0.000204512
         1.7          40   -0.529681   -0.528791  0.00020067
         1.7          41   -0.528415   -0.528781 0.000195985
         1.7          42   -0.528604   -0.528777 0.000191365
         1.7          43   -0.530844   -0.528825 0.000192858
         1.7          44   -0.527959   -0.528806 0.000189477
         1.7          45   -0.527615   -0.528779 0.000187105
         1.7          46   -0.530926   -0.528826 0.000188768
         1.7          47   -0.527507   -0.528798 0.000186825
         1.7          48   -0.529789   -0.528818  0.00018407
         1.7          49   -0.530285   -0.528848 0.000182731
         1.7          50   -0.530152   -0.528874 0.000180926
         1.7          51   -0.529137    -0.52888 0.000177452
         1.7          52   -0.528237   -0.528867 0.000174469
         1.7          53   -0.529515   -0.528879 0.000171605
         1.7          54   -0.528526   -0.528873 0.000168552
         1.7          55   -0.526637   -0.528832 0.000170319
         1.7          56    -0.52683   -0.528796 0.000170991
         1.7          57   -0.527659   -0.528777 0.000169151
         1.7          58   -0.528111   -0.528765 0.000166623
         1.7          59   -0.527774   -0.528748 0.000164643
         1.7          60   -0.528581   -0.528745 0.000161923
         1.7          61   -0.527541   -0.528726 0.000160468
         1.7          62   -0.528781   -0.528727 0.000157883
         1.7          63   -0.528607   -0.528725 0.000155388
         1.7          64   -0.530311    -0.52875 0.000154924
         1.7          65   -0.526874   -0.528721 0.000155204
         1.7          66   -0.527348     -0.5287  0.00015424
         1.7          67   -0.529496   -0.528712 0.000152395
         1.7          68   -0.529833   -0.528728 0.000151044
         1.7          69     -0.5271   -0.528705 0.000150687
         1.7          70   -0.526696   -0.528676 0.000151241
         1.7          71   -0.527322   -0.528657 0.000150308
         1.7          72   -0.528693   -0.528657 0.000148221
         1.7          73    -0.52817   -0.528651 0.000146341
         1.7          74   -0.528467   -0.528648 0.000144384
         1.7          75   -0.530122   -0.528668  0.00014379
         1.7          76   -0.529359   -0.528677 0.000142186
         1.7          77   -0.528585   -0.528676 0.000140344
         1.7          78   -0.527311   -0.528658 0.000139631
         1.7          79   -0.528933   -0.528662 0.000137907
         1.7          80   -0.528596   -0.528661 0.000136186
         1.7          81   -0.527752    -0.52865 0.000134966
         1.7          82   -0.528285   -0.528645 0.000133394
         1.7          83   -0.532404   -0.528691  0.00013926
         1.7          84   -0.527341   -0.528675 0.000138526
         1.7          85   -0.527252   -0.528658 0.000137904
         1.7          86   -0.529319   -0.528665 0.000136514
         1.7          87   -0.530944   -0.528692 0.000137436
         1.7          88   -0.532881   -0.528739 0.000143885
         1.7          89   -0.528663   -0.528738 0.000142271
         1.7          90   -0.527704   -0.528727 0.000141154
         1.7          91   -0.529296   -0.528733 0.000139741
         1.7          92   -0.530259    -0.52875 0.000139203
         1.7          93   -0.527622   -0.528738 0.000138233
         1.7          94   -0.528811   -0.528738 0.000136765
         1.7          95   -0.527337   -0.528724 0.000136119
         1.7          96   -0.529537   -0.528732 0.000134964
         1.7          97   -0.527537    -0.52872 0.000134134
         1.7          98   -0.530244   -0.528735 0.000133664
         1.7          99   -0.530122   -0.528749 0.000133046
         1.7         100   -0.530885   -0.528771 0.000133419
         1.8           1   -0.504911   -0.504911           0
         1.8           2   -0.504285   -0.504598 0.000221298
         1.8           3   -0.506267   -0.505154 0.000477477
         1.8           4   -0.503193   -0.504664 0.000555548
         1.8           5   -0.502489   -0.504229 0.000590682
         1.8           6   -0.506541   -0.504614 0.000604991
         1.8           7     -0.5026   -0.504326 0.000582989
         1.8           8   -0.504263   -0.504319  0.00051017
         1.8           9     -0.5053   -0.504428 0.000464994
         1.8          10   -0.502304   -0.504215 0.000464473
         1.8          11   -0.505352   -0.504319  0.00043359
         1.8          12   -0.503311   -0.504235 0.000405503
         1.8          13     -0.5026   -0.504109 0.000393322
         1.8          14   -0.501115   -0.503895 0.000419356
         1.8          15   -0.504726    -0.50395 0.000395041
         1.8          16   -0.505085   -0.504021 0.000376664
         1.8          17   -0.503774   -0.504007 0.000354788
         1.8          18   -0.506341   -0.504136 0.000357989
         1.8          19   -0.504185   -0.504139 0.000339157
         1.8          20   -0.505048   -0.504184 0.000325231
         1.8          21   -0.506085   -0.504275 0.000322092
         1.8          22   -0.503937    -0.50426 0.000307818
         1.8          23   -0.503419   -0.504223 0.000296599
         1.8          24   -0.503589   -0.504197 0.000285415
         1.8          25   -0.506663   -0.504295 0.000290549
         1.8          26   -0.506563   -0.504382 0.000292172
         1.8          27    -0.50457   -0.504389 0.000281433
         1.8          28   -0.505904   -0.504444 0.000276529
         1.8          29   -0.505096   -0.504466 0.000267909
         1.8          30   -0.503859   -0.504446 0.000259741
         1.8          31   -0.506119     -0.5045 0.000256905
         1.8          32   -0.504941   -0.504514 0.000249246
         1.8          33   -0.502937   -0.504466 0.000246229
         1.8          34   -0.506152   -0.504515  0.00024393
         1.8          35   -0.503259   -0.504479 0.000239586
         1.8          36   -0.505048   -0.504495 0.000233451
         1.8          37   -0.505844   -0.504532 0.000229972
         1.8          38    -0.50553   -0.504558 0.000225414
         1.8          39   -0.505044    -0.50457 0.000219979
         1.8          40   -0.505148   -0.504585 0.000214953
         1.8          41   -0.503222   -0.504552 0.000212264
         1.8          42   -0.504585   -0.504552 0.000207212
         1.8          43   -0.504648   -0.504555 0.000202405
         1.8          44   -0.505459   -0.504575 0.000198846
         1.8          45   -0.504863   -0.504582  0.00019453
         1.8          46   -0.507152   -0.504638 0.000198163
         1.8          47   -0.505844   -0.504663 0.000195604
         1.8          48   -0.505652   -0.504684  0.00019261
         1.8          49   -0.504715   -0.504684  0.00018868
         1.8          50   -0.504426   -0.504679 0.000184977
         1.8          51   -0.505804   -0.504701  0.00018266
         1.8          52   -0.504522   -0.504698 0.000179179
         1.8          53   -0.500448   -0.504618 0.000192907
         1.8          54   -0.502422   -0.504577 0.000193572
         1.8          55   -0.503581   -0.504559 0.000190897
         1.8          56   -0.505519   -0.504576 0.000188255
         1.8          57   -0.503767   -0.504562 0.000185487
         1.8          58   -0.504107   -0.504554 0.000182455
         1.8          59   -0.505019   -0.504562 0.000179532
         1.8          60   -0.504533   -0.504561 0.000176541
         1.8          61   -0.505419   -0.504575 0.000174205
         1.8          62    -0.50207   -0.504535 0.000176018
         1.8          63   -0.503411   -0.504517 0.000174126
         1.8          64   -0.504385   -0.504515 0.000171418
         1.8          65     -0.5041   -0.504509 0.000168899
         1.8          66   -0.503959     -0.5045 0.000166545
         1.8          67   -0.506867   -0.504536 0.000167762
         1.8          68    -0.50323   -0.504517 0.000166391
         1.8          69   -0.505415    -0.50453 0.000164488
         1.8          70   -0.503959   -0.504521  0.00016234
         1.8          71   -0.502693   -0.504496 0.000162084
         1.8          72   -0.502796   -0.504472 0.000161542
         1.8          73   -0.504826   -0.504477 0.000159402
         1.8          74   -0.507263   -0.504515 0.000161633
         1.8          75    -0.50727   -0.504551 0.000163601
         1.8          76   -0.502804   -0.504528 0.000163057
         1.8          77   -0.504674    -0.50453  0.00016095
         1.8          78   -0.504574   -0.504531 0.000158888
         1.8          79     -0.5051   -0.504538  0.00015704
         1.8          80   -0.504996   -0.504544 0.000155181
         1.8          81   -0.504911   -0.504548 0.000153332
         1.8          82   -0.504778   -0.504551 0.000151487
         1.8          83   -0.505226   -0.504559  0.00014988
         1.8          84   -0.504396   -0.504557 0.000148108
         1.8          85   -0.504778    -0.50456 0.000146389
         1.8          86   -0.504319   -0.504557 0.000144713
         1.8          87   -0.500893   -0.504515 0.000149054
         1.8          88     -0.5028   -0.504495 0.000148628
         1.8          89   -0.505852   -0.504511 0.000147738
         1.8          90   -0.506181   -0.504529 0.000147258
         1.8          91   -0.505204   -0.504537 0.000145826
         1.8          92   -0.505459   -0.504547 0.000144585
         1.8          93   -0.504737   -0.504549 0.000143045
         1.8          94   -0.502411   -0.504526  0.00014332
         1.8          95   -0.503396   -0.504514 0.000142304
         1.8          96   -0.505041    -0.50452 0.000140927
         1.8          97   -0.505693   -0.504532 0.000139992
         1.8          98   -0.505022   -0.504537 0.000138653
         1.8          99   -0.506811    -0.50456 0.000139143
         1.8         100   -0.505322   -0.504567  0.00013796
         1.9           1   -0.483167   -0.483167           0
         1.9           2   -0.482067   -0.482617 0.000388909
         1.9           3   -0.483541   -0.482925 0.000361213
         1.9           4   -0.481722   -0.482624 0.000375726
         1.9           5   -0.483804    -0.48286 0.000367257
         1.9           6   -0.484248   -0.483091 0.000371848
         1.9           7    -0.48227   -0.482974 0.000336715
         1.9           8   -0.484878   -0.483212 0.000369259
         1.9           9   -0.484311   -0.483334 0.000347838
         1.9          10   -0.484389    -0.48344 0.000328657
         1.9          11   -0.483341   -0.483431 0.000298902
         1.9          12   -0.480756   -0.483208 0.000347312
         1.9          13   -0.482633   -0.483164 0.000323394
         1.9          14   -0.483922   -0.483218 0.000304801
         1.9          15   -0.483778   -0.483255 0.000286759
         1.9          16   -0.481633   -0.483154  0.00028619
         1.9          17   -0.481637   -0.483064 0.000282919
         1.9          18   -0.482789   -0.483049 0.000267615
         1.9          19   -0.481915   -0.482989 0.000260105
         1.9          20   -0.481393    -0.48291 0.000259065
         1.9          21   -0.480278   -0.482784 0.000275379
         1.9          22   -0.484389   -0.482857 0.000272349
         1.9          23   -0.482281   -0.482832 0.000261656
         1.9          24   -0.484133   -0.482886 0.000256309
         1.9          25   -0.482067   -0.482854 0.000248145
         1.9          26   -0.482833   -0.482853 0.000238602
         1.9          27   -0.481378   -0.482798 0.000235936
         1.9          28     -0.4811   -0.482738 0.000235177
         1.9          29   -0.482233    -0.48272 0.000227709
         1.9          30   -0.482337   -0.482707 0.000220476
         1.9          31   -0.481052   -0.482654 0.000219737
         1.9          32   -0.484426   -0.482709 0.000219736
         1.9          33   -0.481126   -0.482661 0.000218254
         1.9          34    -0.48127    -0.48262 0.000215635
         1.9          35   -0.483422   -0.482643 0.000210687
         1.9          36   -0.484863   -0.482705 0.000213666
         1.9          37   -0.484415   -0.482751 0.000212829
         1.9          38   -0.482085   -0.482734 0.000207949
         1.9          39    -0.48143     -0.4827 0.000205288
         1.9          40   -0.482304    -0.48269 0.000200395
         1.9          41   -0.481181   -0.482654 0.000198858
         1.9          42   -0.482633   -0.482653 0.000194124
         1.9          43   -0.482226   -0.482643 0.000189863
         1.9          44   -0.483293   -0.482658 0.000186121
         1.9          45   -0.482511   -0.482655 0.000182014
         1.9          46   -0.481819   -0.482636 0.000178962
         1.9          47   -0.483133   -0.482647 0.000175466
         1.9          48    -0.48227   -0.482639 0.000171986
         1.9          49   -0.480848   -0.482603 0.000172317
         1.9          50   -0.481711   -0.482585  0.00016979
         1.9          51   -0.481533   -0.482564 0.000167708
         1.9          52   -0.482674   -0.482566 0.000164496
         1.9          53   -0.481193    -0.48254 0.000163422
         1.9          54   -0.482478   -0.482539   0.0001604
         1.9          55   -0.483807   -0.482562 0.000159132
         1.9          56   -0.483196   -0.482574 0.000156693
         1.9          57   -0.482352    -0.48257 0.000153992
         1.9          58   -0.482856   -0.482575 0.000151416
         1.9          59    -0.48293   -0.482581 0.000148969
         1.9          60   -0.482874   -0.482586 0.000146566
         1.9          61    -0.48323   -0.482596 0.000144543
         1.9          62   -0.483596   -0.482612 0.000143109
         1.9          63    -0.48373    -0.48263 0.000141933
         1.9          64   -0.480881   -0.482603  0.00014232
         1.9          65   -0.482459     -0.4826 0.000140148
         1.9          66     -0.4823   -0.482596 0.000138098
         1.9          67   -0.483526    -0.48261 0.000136733
         1.9          68   -0.482522   -0.482608 0.000134728
         1.9          69   -0.482789   -0.482611 0.000132801
         1.9          70   -0.482711   -0.482613 0.000130911
         1.9          71   -0.480174   -0.482578 0.000133497
         1.9          72   -0.481959    -0.48257 0.000131919
         1.9          73   -0.481178   -0.482551 0.000131483
         1.9          74   -0.483867   -0.482568 0.000130903
         1.9          75    -0.48307   -0.482575 0.000129329
         1.9          76   -0.481415    -0.48256 0.000128525
         1.9          77   -0.482252   -0.482556 0.000126918
         1.9          78   -0.482296   -0.482552 0.000125334
         1.9          79   -0.482896   -0.482557 0.000123823
         1.9          80   -0.480981   -0.482537 0.000123831
         1.9          81   -0.483126   -0.482544 0.000122516
         1.9          82    -0.48157   -0.482532 0.000121596
         1.9          83   -0.483407   -0.482543 0.000120587
         1.9          84   -0.483026   -0.482549 0.000119289
         1.9          85   -0.483237   -0.482557  0.00011816
         1.9          86   -0.480078   -0.482528 0.000120251
         1.9          87   -0.480826   -0.482508  0.00012045
         1.9          88   -0.482067   -0.482503 0.000119185
         1.9          89     -0.4825   -0.482503 0.000117846
         1.9          90   -0.481552   -0.482493  0.00011701
         1.9          91   -0.482267    -0.48249 0.000115751
         1.9          92    -0.48163   -0.482481  0.00011487
         1.9          93    -0.48233   -0.482479 0.000113646
         1.9          94    -0.47993   -0.482452 0.000115629
         1.9          95   -0.478933   -0.482415 0.000120199
         1.9          96   -0.483178   -0.482423 0.000119209
         1.9          97   -0.482263   -0.482421 0.000117991
         1.9          98   -0.482159   -0.482419 0.000116818
         1.9          99   -0.483574    -0.48243 0.000116219
         1.9         100   -0.482952   -0.482436 0.000115174
           2           1     -0.4605     -0.4605           0
           2           2   -0.461767   -0.461133 0.000447834
           2           3   -0.459915   -0.460727 0.000446229
           2           4   -0.463604   -0.461446 0.000707016
           2           5   -0.463778   -0.461913 0.000702755
           2           6   -0.463144   -0.462118 0.000614888
           2           7   -0.461507   -0.462031 0.000533196
           2           8   -0.463052   -0.462158 0.000481583
           2           9   -0.462022   -0.462143 0.000428311
           2          10   -0.461759   -0.462105 0.000387197
           2          11   -0.462219   -0.462115 0.000352136
           2          12   -0.461807    -0.46209 0.000323723
           2          13   -0.464085   -0.462243 0.000333239
           2          14   -0.463374   -0.462324 0.000319079
           2          15   -0.462111    -0.46231 0.000298122
           2          16    -0.46317   -0.462363 0.000284302
           2          17   -0.462589   -0.462377 0.000267887
           2          18   -0.460878   -0.462293 0.000265632
           2          19   -0.463285   -0.462346 0.000256729
           2          20   -0.461626    -0.46231 0.000246401
           2          21   -0.461519   -0.462272  0.00023753
           2          22   -0.462263   -0.462272 0.000226734
           2          23   -0.462015    -0.46226 0.000217151
           2          24     -0.4633   -0.462304 0.000212379
           2          25   -0.463267   -0.462342 0.000207348
           2          26   -0.463404   -0.462383 0.000203352
           2          27   -0.462459   -0.462386  0.00019584
           2          28    -0.46407   -0.462446 0.000197871
           2          29   -0.461319   -0.462407  0.00019483
           2          30   -0.459426   -0.462308 0.000212171
           2          31   -0.460981   -0.462265 0.000209596
           2          32   -0.460278   -0.462203 0.000212046
           2          33   -0.463567   -0.462244 0.000209609
           2          34   -0.462656   -0.462256 0.000203793
           2          35   -0.462048    -0.46225 0.000198057
           2          36   -0.464607   -0.462316 0.000203089
           2          37   -0.460641   -0.462271 0.000202584
           2          38   -0.464037   -0.462317 0.000202516
           2          39   -0.461463   -0.462295 0.000198504
           2          40   -0.460926   -0.462261  0.00019647
           2          41   -0.461815    -0.46225 0.000191979
           2          42    -0.46327   -0.462274 0.000188939
           2          43     -0.4625    -0.46228 0.000184618
           2          44   -0.462015   -0.462274  0.00018052
           2          45   -0.461381   -0.462254 0.000177594
           2          46   -0.463478    -0.46228 0.000175715
           2          47   -0.462863   -0.462293 0.000172413
           2          48   -0.461859   -0.462284 0.000169058
           2          49     -0.4609   -0.462255  0.00016795
           2          50   -0.461359   -0.462238 0.000165544
           2          51   -0.461848    -0.46223 0.000162474
           2          52   -0.463526   -0.462255  0.00016125
           2          53   -0.460689   -0.462225 0.000160892
           2          54   -0.461956    -0.46222  0.00015799
           2          55   -0.463504   -0.462244 0.000156831
           2          56   -0.463548   -0.462267 0.000155751
           2          57   -0.462126   -0.462264 0.000153038
           2          58   -0.462604    -0.46227 0.000150511
           2          59   -0.460241   -0.462236  0.00015184
           2          60   -0.461933   -0.462231 0.000149393
           2          61    -0.46223   -0.462231 0.000146944
           2          62    -0.46217    -0.46223 0.000144578
           2          63   -0.461733   -0.462222 0.000142497
           2          64   -0.461926   -0.462217 0.000140346
           2          65   -0.463222   -0.462233 0.000139036
           2          66   -0.460859   -0.462212 0.000138478
           2          67   -0.460178   -0.462182   0.0001397
           2          68   -0.461311   -0.462169 0.000138231
           2          69   -0.463444   -0.462187 0.000137458
           2          70   -0.462578   -0.462193 0.000135607
           2          71   -0.465259   -0.462236 0.000140406
           2          72   -0.463448   -0.462253 0.000139462
           2          73   -0.462441   -0.462256 0.000137575
           2          74   -0.463722   -0.462275 0.000137136
           2          75   -0.463337   -0.462289 0.000136036
           2          76   -0.464085   -0.462313 0.000136283
           2          77   -0.463226   -0.462325 0.000135028
           2          78   -0.461781   -0.462318 0.000133476
           2          79   -0.460048   -0.462289 0.000134844
           2          80   -0.462452   -0.462291 0.000133173
           2          81   -0.462752   -0.462297 0.000131651
           2          82   -0.463352    -0.46231 0.000130672
           2          83   -0.460878   -0.462293 0.000130232
           2          84   -0.460052   -0.462266 0.000131385
           2          85   -0.461441   -0.462256 0.000130198
           2          86   -0.460711   -0.462238 0.000129917
           2          87   -0.460952   -0.462223 0.000129263
           2          88   -0.462944   -0.462232 0.000128053
           2          89   -0.462707   -0.462237 0.000126726
           2          90    -0.46273   -0.462242 0.000125436
           2          91   -0.464722    -0.46227 0.000126983
           2          92   -0.463363   -0.462282 0.000126158
           2          93   -0.463596   -0.462296 0.000125591
           2          94   -0.462156   -0.462294 0.000124263
           2          95   -0.459959    -0.46227 0.000125363
           2          96   -0.460041   -0.462246 0.000126188
           2          97   -0.462641   -0.462251 0.000124953
           2          98   -0.462085   -0.462249 0.000123689
           2          99   -0.464133   -0.462268 0.000123896
           2         100   -0.460767   -0.462253 0.000123563
