0 -4.211999869 1.466401622 0.08440511849 1.979973156 -1.369560582 -1.442627636
1 0.7676555883 -4.628217573 -6.288439061 -1.154541362 -2.215401678 -0.6690914347
2 5.487956095 -1.834131373 3.824869612 -0.3178652652 -0.0592430172 0.1318089428
3 2.629175376 2.086843907 3.387697943 -1.64654403 -0.5288233584 1.51463452
4 -3.866510611 -6.436491142 4.686452873 -0.4391678594 1.501013883 -0.01894970126
5 3.37660012 5.208889163 -3.126073193 -0.4939018891 -0.340136132 -0.549153651
6 4.152446568 5.980576049 -3.498193938 -0.4619625202 -0.2300474643 1.973353165
7 3.137469167 -2.841595461 -1.111187908 -0.828331643 -1.082589783 -2.23570596
8 0.6824837296 5.666709835 3.166767089 0.7398036083 -0.474874837 0.2549218828
9 -3.374782062 -2.815189247 3.719819104 -2.340579839 1.46414726 -0.1410583162
10 4.998500337 -2.737707306 -0.5689001405 1.259961462 1.192358939 -0.02294986999
11 3.535769449 -5.904863465 1.603846585 -1.064626226 -0.1408333411 -0.3449083742
12 -0.2131235618 5.575069393 -6.396392147 0.7080982198 -0.3959387884 -1.370128422
13 3.484809278 -5.783125976 -0.9451159545 0.2709859557 1.457227235 -0.7421839124
14 -3.867826529 2.161717595 -3.00486158 -0.6125120438 0.9864215133 -0.3292393926
15 4.744008356 2.622400186 -4.315543737 0.7696458006 -0.543820683 0.4913508448
16 3.160522988 -3.527297789 3.214745274 0.4058946943 0.4347709702 1.156420231
17 4.296730686 -4.247549511 0.8415005956 0.1193724957 0.8429403846 -1.124630577
18 -2.320886471 4.982952361 -6.435515984 -0.8192487206 -0.3166308743 0.1952213197
19 1.971301113 4.342815929 3.747713177 0.6289647793 2.622764227 -0.7914181875
20 0.4312529973 -5.388213788 5.721482343 1.906358648 -1.623211935 -2.747950247
21 3.94353164 6.356803355 0.8162866057 -0.5178574429 1.051699079 0.1193376611
22 4.326986856 3.194940713 1.320451667 -1.48827328 -0.5105499605 -0.9406271992
23 -0.1916346354 -5.569065896 -0.8691810197 -0.1141470231 2.244344076 -0.4874426171
24 -5.669953604 -2.96586533 3.839181762 1.529925057 1.05019308 1.073884299
25 0.1340576339 -2.812245479 2.846415829 -0.9045760753 0.3783005898 -0.392663593
26 2.834770816 5.851803256 2.330919692 1.195956589 -3.112572024 -0.02813386891
27 -6.10589331 -4.707081233 -1.58655055 1.246144791 0.236021483 -0.1384060219
28 4.883057999 -5.256796256 -5.641700979 -1.515496729 -0.3567581319 -0.0486881435
29 2.495725168 -1.833771503 -2.407657187 -0.8996190844 -0.8921749589 -0.4210253848
30 1.281099763 -4.544571322 3.889950174 -0.04585655064 0.816060286 -1.334851867
31 0.7195903637 -3.775077535 3.184515065 -0.3000012093 -0.6493442519 0.9607822503
32 3.726110072 2.883052582 3.875597493 -2.683585613 1.762073028 0.8240021053
33 0.114018726 1.347683346 0.5877006029 -0.3479992748 -0.8196652925 -0.1130068538
34 -1.920696357 0.8207408781 -2.222731389 2.890290978 -0.2567086322 0.5726380831
35 -1.113253404 -4.077963919 1.063775437 1.685831684 0.7943992713 -1.359234118
36 -3.468659305 3.991566991 -3.719187141 -1.314283232 -1.351242816 -0.2902415484
37 1.875458459 -5.696172028 -4.333660958 -1.416540077 -0.3922561079 0.2702941937
38 2.462254374 -5.975823264 -2.432468213 -1.469068629 0.310946518 0.7163063511
39 -2.491700505 -5.817703049 -2.897940124 0.2508885736 -1.284464265 -0.2813379525
40 -4.777946393 5.310438249 5.691759528 0.7573546135 0.9714715957 -0.6015482955
41 3.361615395 5.620270839 -6.459255284 1.574251229 0.9498301847 0.1426431496
42 -4.383013444 -2.83396245 -5.743585395 0.2168933555 -0.8808153064 0.8483171371
43 -0.7885861194 -1.365227277 -6.231209728 2.275151512 2.997944489 -0.4374726043
44 -0.158046817 -2.403854153 1.662631352 1.370267768 1.202317284 -0.7089955068
45 2.492350187 -3.960772515 5.585678609 -1.212765438 1.000893399 -0.674032763
46 2.760223974 -4.842658258 -4.773555649 0.1427312358 1.808622932 -1.639996166
47 -4.458888537 -0.06046861384 3.881528734 0.1616725782 -0.8310946338 1.376297777
48 -2.581555556 -4.96583985 -2.276116188 0.6376396161 -1.508204105 1.896942605
49 3.506271413 -4.840583856 5.159050167 1.147845022 -1.56275939 1.394535341
50 4.556273206 -2.27535226 1.165340889 -1.814097124 -0.1338088569 0.1585060889
51 0.1207135925 1.846588605 4.264984546 1.668731149 0.701254929 -0.264412911
52 -4.421721152 0.8663879756 1.478309298 -0.8038813633 -0.6848454731 2.101372942
53 -2.863198286 2.959114832 -3.459918836 -1.41368242 0.5161436116 1.227548337
54 2.214368088 -3.741110274 -5.828143247 -0.8430219723 0.6134317372 0.9163939023
55 1.110185944 -2.701479479 1.79594038 0.4448870968 -0.7434721273 -0.9010699158
56 -5.155076896 -2.903275601 -4.099850436 -0.0514352685 1.405860002 0.8328905318
57 -3.30166169 -5.040696896 -3.530601578 0.8434397141 0.3340410644 -1.517916917
58 -1.596257662 3.985860512 -6.441699457 -1.221368664 -1.707529993 -0.5455625992
59 -0.3562919236 -6.394380645 2.792545409 -0.2602755439 -0.1375776227 2.228866787
60 1.090160753 4.487256112 0.1777667819 1.592622209 1.201482213 0.4743361351
61 1.402926245 -4.100480251 1.756203107 0.7631447871 -0.4083843147 1.462676032
62 -1.35729592 0.8394400304 0.1270734973 0.2119627857 1.146562833 0.3184886962
63 -3.796622103 5.508743627 4.958350916 -1.178058389 0.7489448654 0.339567084
64 -0.02107518507 4.268572583 -2.455083426 -0.1409314626 -1.680777545 -0.2984370507
65 4.953774736 -3.813910606 -1.592538908 -0.7319987563 -0.9019761337 -1.586199232
66 -4.670383822 -3.969388013 5.923180357 -0.7758879082 0.6267429825 1.824313031
67 -2.919331045 -1.838012498 -2.456778212 0.4354269509 0.4846792802 -1.257203605
68 -0.4541404709 -0.6539912094 5.899255968 0.1686062429 -1.789735876 0.3006886823
69 5.709093326 5.473870726 -3.154996763 1.474633495 1.283152425 -0.6830666241
70 -1.398226128 3.324397235 -0.6201524423 -0.3903809224 -1.220001619 1.813326569
71 -3.641943288 -2.204375271 -0.07695428821 0.1431043476 0.7899941213 -0.1472694524
72 5.979859912 4.482975012 -0.2575208673 -0.6830085465 0.4446189657 0.8132413535
73 -1.284663105 -4.686005901 1.871190858 -2.51414482 0.4601850201 1.955028926
74 4.477790408 -5.534767446 1.198201399 -0.5745078049 2.13093661 -0.3259953177
75 2.337288677 0.862069959 -2.556890559 -1.733779634 0.7636962859 1.330734784
76 -4.074311653 2.458721003 -0.326335456 -1.884872246 -0.2680705266 -0.2186961854
77 3.390807361 5.374978059 3.70531838 -1.373349437 0.1179997422 0.3643427807
78 1.833370732 -2.977369727 1.166728624 0.9044412523 0.2720100322 -1.244601903
79 -0.1345569279 3.936591083 4.008647228 1.423583246 -2.514149539 -1.487584338
80 1.917891438 4.384968079 5.627771393 0.3156616377 -2.093134703 -0.5077939969
81 -6.38108886 -6.459419557 -0.0925844199 0.1637001759 -0.9738225417 3.497380687
82 6.102397761 -0.9767975996 3.244527087 -1.597035952 0.0298880251 0.7951847736
83 -6.402423207 6.458208381 -2.391306043 -1.212960468 1.688738779 -0.6884194212
84 -1.442939896 6.161359391 -0.2817386134 -0.1354443949 1.296318392 -1.426367975
85 -1.9319039 -1.123702746 1.859014364 2.252544777 0.6966317181 0.962101466
86 -4.936749039 -1.627851884 2.230905007 0.4281585588 2.775706124 0.682908639
87 -3.541824161 -3.541087648 -0.363816689 -0.5947937488 -0.7830627861 -0.9632283009
88 2.972878333 -5.608630842 -6.271369835 -0.09162105277 -1.979032882 0.6106179156
89 -2.897344482 -2.901141171 5.704678138 0.02773092233 -0.1310531317 -1.313143738
90 5.883870546 5.531819409 -1.865646042 0.8729991227 -0.04296484315 -2.354877821
91 -4.924700399 -3.525291609 4.157720571 0.6572042824 -1.271404514 1.135994741
92 2.60631927 0.8256249634 -1.587926641 1.778418934 -1.730155903 0.8266039467
93 -1.538855764 -5.59511084 1.529985847 -0.3913368936 -0.9974116396 -1.226743381
94 4.165379986 -1.639499721 -0.3969863555 0.6638175883 0.2772594314 -1.086435211
95 -4.591721547 3.706305655 1.564044802 -0.09743860563 -0.94326905 -0.9740486088
96 -2.115097155 0.9428102311 5.129908405 0.5267350876 0.5549459695 -1.122928808
97 4.403596746 -2.902286752 -2.119021712 -0.3113770189 -0.3457800625 -1.183753792
98 -5.907441458 -5.965797523 -3.213129616 -0.1743800804 0.342606367 1.714572563
99 2.655746083 1.968515534 -4.854855196 0.9065257134 0.449896623 2.226681434
100 1.31826564 3.328088719 3.620612468 0.6405545843 0.316435131 -0.02904028857
101 -2.404426441 2.853373409 -5.96681173 1.828625497 -1.217013364 1.655056412
102 1.714006989 -0.5283586175 2.599378636 0.07617261152 -0.05345662515 -1.117727797
103 3.725259144 -5.350983753 3.129111735 -0.8646678263 0.9691575094 0.2918287238
104 -2.378016622 5.364008349 4.797492735 0.4925527213 -1.430281509 -0.7529222796
105 6.45689008 -0.2347743061 -5.401440248 -0.184785702 0.156320756 -0.1871814254
106 -3.392807113 -6.110842506 -2.398399205 0.9745230157 -1.228279053 -1.60549636
107 0.7160469281 5.533997216 0.5918930857 -0.09853684687 -0.5322286686 0.6708796168
