0 29.5364
1 24.7673
2 24.5055
3 24.4402
4 24.0379
5 23.6157
6 20.1945
7 20.1945
8 20.1945
9 19.8976
10 19.8887
11 19.7077
12 18.7019
13 18.2151
14 18.036
15 18.036
16 17.7825
17 17.7742
18 17.7742
19 17.7714
20 17.1164
21 16.8564
22 16.5336
23 16.3629
24 16.3629
25 16.3458
26 16.3201
27 16.1082
28 16.0654
29 16.0351
30 16.0351
31 15.9866
32 15.9866
33 15.9691
34 15.7636
35 15.6976
36 15.6976
37 15.6559
38 15.6488
39 15.4773
40 15.1561
41 15.1539
42 15.1539
43 15.1539
44 15.1539
45 14.7931
46 14.7931
47 14.7931
48 14.7724
49 14.7724
50 14.7724
51 14.7724
52 14.7724
53 14.7724
54 14.7724
55 14.7616
56 14.7616
57 14.3286
58 14.3286
59 13.7417
60 13.72
61 13.6665
62 13.6665
63 13.6618
64 13.6618
65 13.6618
66 13.6618
67 13.6618
68 13.6618
69 13.5954
70 13.5954
71 13.5522
72 12.9734
73 12.9734
74 12.9515
75 12.9515
76 12.9515
77 12.9515
78 12.8999
79 12.785
80 12.785
81 12.785
82 12.785
83 12.785
84 12.7373
85 12.7259
86 12.5865
87 12.5865
88 12.5865
89 12.5201
90 12.5201
91 12.5201
92 12.477
93 12.477
94 12.477
95 12.477
96 12.477
97 12.477
98 12.477
99 12.477
100 12.477
101 12.4215
102 12.4215
103 12.4215
104 12.4215
105 12.3881
106 12.3881
107 11.9748
108 11.9369
109 11.9035
110 11.9035
111 11.6723
112 11.6723
113 11.6723
114 11.6723
115 11.6723
116 11.153
117 11.0657
118 10.8574
119 10.5939
120 10.5939
121 10.5939
122 10.5939
123 10.5939
124 10.5939
125 10.5939
126 10.5939
127 10.5939
128 10.5939
129 10.5938
130 10.5693
131 10.5693
132 10.5693
133 10.5589
134 10.5589
135 10.5589
136 10.5589
137 10.5589
138 10.5589
139 10.5395
140 10.3087
141 10.3087
142 10.3087
143 10.3087
144 10.3087
145 10.3087
146 10.3087
147 10.3087
148 10.3087
149 10.3087
150 10.3087
151 10.3087
152 10.3087
153 10.3087
154 10.3087
155 10.2891
156 10.2891
157 10.2891
158 10.2891
159 10.2891
160 10.2891
161 10.2891
162 10.2891
163 10.2891
164 10.2891
165 10.2891
166 10.2891
167 10.2891
168 10.2891
169 10.2891
170 10.2891
171 10.2891
172 10.2891
173 10.2891
174 10.2891
175 10.2891
176 10.2891
177 10.2891
178 10.2891
179 10.2891
180 10.2891
181 10.2891
182 10.2891
183 10.2891
184 10.2891
185 10.2891
186 10.2891
187 10.2891
188 10.2891
189 10.2891
190 10.2891
191 10.2891
192 10.2891
193 10.2891
194 10.2891
195 10.2891
196 10.2891
197 10.2891
198 10.2891
199 10.2891
200 10.2891
201 10.2891
202 10.2891
203 10.2891
204 10.2891
205 10.2891
206 10.2891
207 10.2891
208 10.2891
209 10.2891
210 10.2891
211 10.2891
212 10.2891
213 10.2891
214 10.2891
215 10.2888
216 10.2888
217 10.2888
218 10.2888
219 10.2888
220 10.2888
221 10.2888
222 10.2888
223 10.2888
224 10.2888
225 10.2888
226 10.2888
227 10.2888
228 10.2888
229 10.2888
230 10.2888
231 10.2888
232 10.2888
233 10.2888
234 10.2787
235 10.2787
236 10.2787
237 10.2787
238 10.2787
239 10.2787
240 10.2787
241 10.2787
242 10.2787
243 10.2787
244 10.2728
245 10.2728
246 10.2728
247 10.2728
248 10.2728
249 10.2728
250 10.2728
251 10.2728
252 10.2728
253 10.2728
254 10.2728
255 10.2728
256 10.2728
257 10.2728
258 10.2728
259 10.2728
260 10.2728
261 10.2728
262 10.2728
263 10.2728
264 10.2728
265 10.2728
266 10.2728
267 10.2728
268 10.2728
269 10.2728
270 10.2728
271 10.2728
272 10.2728
273 10.2728
274 10.2728
275 10.2728
276 10.2728
277 10.2728
278 10.2728
279 10.2728
280 10.2728
281 10.2728
282 10.2728
283 10.2728
284 10.2728
285 10.2728
286 10.2728
287 10.2728
288 10.2728
289 10.2728
290 10.2728
291 10.2728
292 10.2728
293 10.2728
294 10.2728
295 10.2728
296 10.2728
297 10.2728
298 10.2728
299 10.2728
300 10.2728
301 10.2728
302 10.2728
303 10.2728
304 10.2728
305 10.2728
306 10.2728
307 10.2728
308 10.2728
309 10.2728
310 10.2728
311 10.2728
312 10.2728
313 10.2728
314 10.2728
315 10.2728
316 10.2728
317 10.2728
318 10.2728
319 10.2728
320 10.2728
321 10.2728
322 10.2728
323 10.2728
324 10.2728
325 10.2728
326 10.2728
327 10.2728
328 10.2728
329 10.2728
330 10.2728
331 10.2728
332 10.2728
333 10.2728
334 10.2728
335 10.2728
336 10.2728
337 10.2728
338 10.2728
339 10.2728
340 10.2728
341 10.2728
342 10.2728
343 10.2728
344 10.2728
345 10.2728
346 10.2728
347 10.2728
348 10.2728
349 10.2728
350 10.2728
351 10.2728
352 10.2728
353 10.2728
354 10.2728
355 10.2728
356 10.2728
357 10.2728
358 10.2728
359 10.2728
360 10.2728
361 10.2728
362 10.2728
363 10.2728
364 10.2728
365 10.2728
366 10.2728
367 10.2728
368 10.2728
369 10.2728
370 10.2728
371 10.2728
372 10.2728
373 10.2728
374 10.2728
375 10.2728
376 10.2728
377 10.2728
378 10.2728
379 10.2728
380 10.2728
381 10.2728
382 10.2728
383 10.2728
384 10.2728
385 10.2728
386 10.2728
387 10.2728
388 10.2728
389 10.2728
390 10.2728
391 10.2728
392 10.2728
393 10.2728
394 10.2728
395 10.2728
396 10.2728
397 10.2728
398 10.2728
399 10.2728
400 10.2728
401 10.2728
402 10.2728
403 10.2728
404 10.2728
405 10.2728
406 10.2728
407 10.2728
408 10.2728
409 10.2728
410 10.2728
411 10.2728
412 10.2728
413 10.2728
414 10.2728
415 10.2728
416 10.2728
417 10.2728
418 10.2728
419 10.2728
420 10.2728
421 10.2728
422 10.2728
423 10.2728
424 10.2728
425 10.2728
426 10.2728
427 10.2728
428 10.2728
429 10.2728
430 10.2728
431 10.2728
432 10.2728
433 10.2728
434 10.2728
435 10.2728
436 10.2728
437 10.2728
438 10.2728
439 10.2728
440 10.2728
441 10.2728
442 10.2728
443 10.2728
444 10.2728
445 10.2728
446 10.2728
447 10.2728
448 10.2728
449 10.2728
450 10.2728
451 10.2728
452 10.2728
453 10.2728
454 10.2728
455 10.2728
456 10.2728
457 10.2728
458 10.2728
459 10.2728
460 10.2728
461 10.2728
462 10.2728
463 10.2728
464 10.2728
465 10.2728
466 10.2728
467 10.2728
468 10.2728
469 10.2728
470 10.2728
471 10.2728
472 10.2728
473 10.2728
474 10.2728
475 10.2728
476 10.2728
477 10.2728
478 10.2728
479 10.2728
480 10.2728
481 10.2728
482 10.2728
483 10.2728
484 10.2728
485 10.2728
486 10.2728
487 10.2728
488 10.2728
489 10.2728
490 10.2728
491 10.2728
492 10.2728
493 10.2728
494 10.2728
495 10.2728
496 10.2728
497 10.2728
498 10.2728
499 10.2728
500 10.2728
501 10.2728
502 10.2728
503 10.2728
504 10.2728
505 10.2728
506 10.2728
507 10.2728
508 10.2728
509 10.2728
510 10.2728
511 10.2728
512 10.2728
513 10.2728
514 10.2728
515 10.2728
516 10.2728
517 10.2728
518 10.2728
519 10.2728
520 10.2728
521 10.2728
522 10.2728
523 10.2728
524 10.2728
525 10.2728
526 10.2728
527 10.2728
528 10.2728
529 10.2728
530 10.2728
531 10.2728
532 10.2728
533 10.2728
534 10.2728
535 10.2728
536 10.2728
537 10.2728
538 10.2728
539 10.2728
540 10.2728
541 10.2728
542 10.2728
543 10.2728
544 10.2728
545 10.2728
546 10.2728
547 10.2728
548 10.2728
549 10.2728
550 10.2728
551 10.2728
552 10.2728
553 10.2728
554 10.2728
555 10.2728
556 10.2728
557 10.2728
558 10.2728
559 10.2728
560 10.2728
561 10.2728
562 10.2728
563 10.2728
564 10.2728
565 10.2728
566 10.2728
567 10.2728
568 10.2728
569 10.2728
570 10.2728
571 10.2728
572 10.2728
573 10.2728
574 10.2728
575 10.2728
576 10.2728
577 10.2728
578 10.2728
579 10.2728
580 10.2728
581 10.2728
582 10.2728
583 10.2728
584 10.2728
585 10.2728
586 10.2728
587 10.2728
588 10.2728
589 10.2728
590 10.2728
591 10.2728
592 10.2728
593 10.2728
594 10.2728
595 10.2728
596 10.2728
597 10.2728
598 10.2728
599 10.2728
600 10.2728
601 10.2728
602 10.2728
603 10.2728
604 10.2728
605 10.2728
606 10.2728
607 10.2728
608 10.2728
609 10.2728
610 10.2728
611 10.2728
612 10.2728
613 10.2728
614 10.2728
615 10.2728
616 10.2728
617 10.2728
618 10.2728
619 10.2728
620 10.2728
621 10.2728
622 10.2728
623 10.2728
624 10.2728
625 10.2728
626 10.2728
627 10.2728
628 10.2728
629 10.2728
630 10.2728
631 10.2728
632 10.2728
633 10.2728
634 10.2728
635 10.2728
636 10.2728
637 10.2728
638 10.2728
639 10.2728
640 10.2728
641 10.2728
642 10.2728
643 10.2728
644 10.2728
645 10.2728
646 10.2728
647 10.2728
648 10.2728
649 10.2728
650 10.2728
651 10.2728
652 10.2728
653 10.2728
654 10.2728
655 10.2728
656 10.2728
657 10.2728
658 10.2728
659 10.2728
660 10.2728
661 10.2728
662 10.2728
663 10.2728
664 10.2728
665 10.2728
666 10.2728
667 10.2728
668 10.2728
669 10.2728
670 10.2728
671 10.2728
672 10.2728
673 10.2728
674 10.2728
675 10.2728
676 10.2728
677 10.2728
678 10.2728
679 10.2728
680 10.2728
681 10.2728
682 10.2728
683 10.2728
684 10.2728
685 10.2728
686 10.2728
687 10.2728
688 10.2728
689 10.2728
690 10.2728
691 10.2728
692 10.2728
693 10.2728
694 10.2728
695 10.2728
696 10.2728
697 10.2728
698 10.2728
699 10.2728
700 10.2728
701 10.2728
702 10.2728
703 10.2728
704 10.2728
705 10.2728
706 10.2728
707 10.2728
708 10.2728
709 10.2728
710 10.2728
711 10.2728
712 10.2728
713 10.2728
714 10.2728
715 10.2728
716 10.2728
717 10.2728
718 10.2728
719 10.2728
720 10.2728
721 10.2728
722 10.2728
723 10.2728
724 10.2728
725 10.2728
726 10.2728
727 10.2728
728 10.2728
729 10.2728
730 10.2728
731 10.2728
732 10.2728
733 10.2728
734 10.2728
735 10.2728
736 10.2728
737 10.2728
738 10.2728
739 10.2728
740 10.2728
741 10.2728
742 10.2728
743 10.2728
744 10.2728
745 10.2728
746 10.2728
747 10.2728
748 10.2728
749 10.2728
750 10.2728
751 10.2728
752 10.2728
753 10.2728
754 10.2728
755 10.2728
756 10.2728
757 10.2728
758 10.2728
759 10.2728
760 10.2728
761 10.2728
762 10.2728
763 10.2728
764 10.2728
765 10.2728
766 10.2728
767 10.2728
768 10.2728
769 10.2728
770 10.2728
771 10.2728
772 10.2728
773 10.2728
774 10.2728
775 10.2728
776 10.2728
777 10.2728
778 10.2728
779 10.2728
780 10.2728
781 10.2728
782 10.2728
783 10.2728
784 10.2728
785 10.2728
786 10.2728
787 10.2728
788 10.2728
789 10.2728
790 10.2728
791 10.2728
792 10.2728
793 10.2728
794 10.2728
795 10.2728
796 10.2728
797 10.2728
798 10.2728
799 10.2728
800 10.2728
801 10.2728
802 10.2728
803 10.2728
804 10.2728
805 10.2728
806 10.2728
807 10.2728
808 10.2728
809 10.2728
810 10.2728
811 10.2728
812 10.2728
813 10.2728
814 10.2728
815 10.2728
816 10.2728
817 10.2728
818 10.2728
819 10.2728
820 10.2728
821 10.2728
822 10.2728
823 10.2728
824 10.2728
825 10.2728
826 10.2728
827 10.2728
828 10.2728
829 10.2728
830 10.2728
831 10.2728
832 10.2728
833 10.2728
834 10.2728
835 10.2728
836 10.2728
837 10.2728
838 10.2728
839 10.2728
840 10.2728
841 10.2728
842 10.2728
843 10.2728
844 10.2728
845 10.2728
846 10.2728
847 10.2728
848 10.2728
849 10.2728
850 10.2728
851 10.2728
852 10.2728
853 10.2728
854 10.2728
855 10.2728
856 10.2728
857 10.2728
858 10.2728
859 10.2728
860 10.2728
861 10.2728
862 10.2728
863 10.2728
864 10.2728
865 10.2728
866 10.2728
867 10.2728
868 10.2728
869 10.2728
870 10.2728
871 10.2728
872 10.2728
873 10.2728
874 10.2728
875 10.2728
876 10.2728
877 10.2728
878 10.2728
879 10.2728
880 10.2728
881 10.2728
882 10.2728
883 10.2728
884 10.2728
885 10.2728
886 10.2728
887 10.2728
888 10.2728
889 10.2728
890 10.2728
891 10.2728
892 10.2728
893 10.2728
894 10.2728
895 10.2728
896 10.2728
897 10.2728
898 10.2728
899 10.2728
900 10.2728
901 10.2728
902 10.2728
903 10.2728
904 10.2728
905 10.2728
906 10.2728
907 10.2728
908 10.2728
909 10.2728
910 10.2728
911 10.2728
912 10.2728
913 10.2728
914 10.2728
915 10.2728
916 10.2728
917 10.2728
918 10.2728
919 10.2728
920 10.2728
921 10.2728
922 10.2728
923 10.2728
924 10.2728
925 10.2728
926 10.2728
927 10.2728
928 10.2728
929 10.2728
930 10.2728
931 10.2728
932 10.2728
933 10.2728
934 10.2728
935 10.2728
936 10.2728
937 10.2728
938 10.2728
939 10.2728
940 10.2728
941 10.2728
942 10.2728
943 10.2728
944 10.2728
945 10.2728
946 10.2728
947 10.2728
948 10.2728
949 10.2728
950 10.2728
951 10.2728
952 10.2728
953 10.2728
954 10.2728
955 10.2728
956 10.2728
957 10.2728
958 10.2728
959 10.2728
960 10.2728
961 10.2728
962 10.2728
963 10.2728
964 10.2728
965 10.2728
966 10.2728
967 10.2728
968 10.2728
969 10.2728
970 10.2728
971 10.2728
972 10.2728
973 10.2728
974 10.2728
975 10.2728
976 10.2728
977 10.2728
978 10.2728
979 10.2728
980 10.2728
981 10.2728
982 10.2728
983 10.2728
984 10.2728
985 10.2728
986 10.2728
987 10.2728
988 10.2728
989 10.2728
990 10.2728
991 10.2728
992 10.2728
993 10.2728
994 10.2728
995 10.2728
996 10.2728
997 10.2728
998 10.2728
999 10.2728
